Murmansk  (3043,258)  (3092,271)  (2992,249)  (2964,299)
Brest  (2877,654)  (2824,606)  (2828,657)  (2873,602)  (2871,704)
Oslo  (2524,380)  (2476,415)  (2572,397)  (2574,343)  (2630,297)
Japan  (5445,1004)  (5396,1023)  (5477,954)  (5345,1040)  (5486,905)  (5294,1057)  (5526,844)
Ukraine  (3020,681)  (3020,734)  (3076,678)  (2967,689)  (2951,741)  (3076,728)  (3051,797)
Leningrad  (2962,420)  (3012,419)  (3008,469)  (2963,371)  (3013,369)  (3063,387)
Sea Zone 63  (2202,675)  (2269,659)  (2154,680)  (2106,636)  (2107,685)  (2122,740)  (2107,802)  (2156,803)  (2206,798)
Britain  (2286,604)  (2237,614)  (2237,564)  (2187,593)  (2201,513)  (2156,464)  (2205,465)
Napoli  (2606,902)  (2642,951)  (2655,901)  (2589,996)
Belarus  (2988,572)  (2941,626)  (2992,522)  (2937,570)  (3039,568)  (2990,622)  (3040,620)
Low Lands  (2404,610)  (2385,658)
Moscow  (3136,502)  (3142,551)  (3186,495)  (3076,472)  (3085,521)  (3195,546)
Stalingrad  (3302,706)  (3354,702)  (3287,649)  (3343,649)  (3307,758)  (3360,755)
Tula  (3152,621)  (3097,619)  (3228,647)  (3235,597)
Rome  (2544,851)  (2498,802)  (2448,805)  (2547,789)  (2596,795)
Baku  (3331,909)  (3281,893)  (3232,863)  (3312,841)  (3381,908)
Rostov  (3187,747)  (3236,753)  (3146,694)  (3195,697)  (3160,796)  (3220,803)
Baltics  (2894,473)  (2880,522)  (2943,473)  (2844,472)  (2828,552)
Normandy  (2323,758)  (2269,709)  (2320,707)  (2370,710)  (2272,758)  (2220,727)  (2372,761)
Tunisia  (2471,1090)  (2482,1042)  (2486,1138)
Tecka  (655,2760)  (678,2808)  (653,2712)  (701,2709) 
W.Tibet  (4188,1082)  (4140,1089)  (4235,1130)  (4233,1034)  (4236,1082)  (4281,1021)  (4284,1069) 
Mataram  (5007,2046) 
Paraguay  (846,2261)  (894,2287) 
Kostanay  (3711,674)  (3663,721)  (3663,673)  (3758,722)  (3711,626)  (3759,626)  (3759,674)  (3661,625)  (3724,578)  (3807,598) 
Central Africa  (2737,1663)  (2689,1705)  (2785,1622)  (2785,1670)  (2833,1665) 
Narvik  (2818,235)  (2767,243)  (2715,255)  (2869,226) 
Madras  (4014,1492)  (4061,1540)  (3979,1444)  (4027,1444)  (4050,1588) 
Para  (966,1884)  (918,1931)  (918,1883)  (1013,1932)  (966,1836)  (1014,1847)  (916,1835)  (1014,1792)  (965,1979)  (917,1979)  (1061,1895)  (1061,1943)  (1013,1980)  (964,1788) 
Saipan  (5621,1427) 
California  (7735,974)  (7782,1022)  (7688,926)  (7736,926)  (7783,974)  (7784,925)  (7830,1022)  (7831,973)  (7832,920) 
Aden  (3348,1460)  (3396,1452)  (3444,1425) 
Finland  (2874,330)  (2815,378)  (2871,381)  (2884,278)
Eritrea  (3146,1498)  (3338,1602)
Brisay  (629,522)  (581,553)  (581,505)  (629,474)  (677,501)  (677,549)  (563,457)  (725,526)  (773,524) 
Jayapura  (5440,1908)  (5488,1922) 
Changchun  (5009,848)  (4961,866)  (4961,818)  (5021,800)  (5057,848)  (5105,872) 
Nanortalik  (1637,41)  (1589,0)  (1670,89)  (1622,89)  (1685,0)  (1718,48)  (1541,0)  (1733,0) 
Port Moresby  (5467,1975)  (5515,1984) 
Calcutta  (4133,1340)  (4168,1388)  (4120,1388)  (4181,1313)  (4229,1304) 
Kenya  (3132,1769)  (3082,1744)  (3027,1768)  (3082,1794)  (3131,1820)  (3184,1767)  (3182,1830)
Cuba  (531,1364) 
Trucial Coast  (3580,1315) 
Ulan Bator  (4555,734)  (4602,782)  (4554,782)  (4530,686)  (4578,686)  (4603,734)  (4506,788)  (4626,680)  (4650,801) 
Yazd  (3599,1121)  (3551,1090)  (3646,1169)  (3598,1169)  (3599,1073)  (3647,1083)  (3694,1184)  (3646,1217) 
Gibraltar  (2146,989) 
Cyprus  (3035,1024) 
Marseille  (2342,817)  (2292,833)  (2392,818) 
Timor  (5190,2060) 
Bombay  (4002,1277)  (4048,1325)  (4000,1325)  (3987,1229)  (4035,1229)  (4050,1277)  (4034,1373)  (3986,1373) 
Rabaul  (5698,1946) 
Wrigley  (7757,372)  (7709,419)  (7709,371)  (7804,420)  (7757,324)  (7805,324)  (7805,372)  (7707,323)  (7852,420)  (7853,311)  (7853,359)  (7685,275)  (7733,275) 
Ecuador  (474,1833) 
E.Mexico  (3,1375)  (50,1423)  (0,1327)  (98,1431)  (0,1279)  (159,1437)  (244,1381) 
Sardinia-Corsica  (2476,936) 
Chahar  (4817,839)  (4865,793) 
Perth  (5018,2481)  (4970,2465)  (5065,2529)  (5017,2529)  (5018,2433)  (5066,2433)  (5066,2481)  (5113,2529)  (5018,2577)  (5114,2437) 
Hsining  (4498,886)  (4546,859)  (4546,907) 
Labrador  (875,599)  (843,551)  (923,606) 
Chatanga  (4536,187)  (4488,234)  (4488,186)  (4583,235)  (4536,139)  (4584,139)  (4584,187)  (4486,138)  (4627,91)  (4675,99)  (4723,111)  (4771,106) 
Columbia  (589,1721)  (541,1768)  (541,1720)  (605,1769)  (637,1702)  (539,1672)  (604,1817)  (569,1624) 
Okinawa  (5160,1187) 
Ternate  (5150,1916) 
Afghanistan  (3808,1041)  (3760,1088)  (3760,1040)  (3817,1089)  (3856,1006)  (3865,1054)  (3712,1079)  (3904,1002) 
Sea Zone 98  (829,1515)  (781,1562)  (781,1514)  (876,1563)  (829,1467)  (877,1467)  (877,1515)  (779,1466) 
Sea Zone 99  (1013,1519)  (965,1566)  (965,1518)  (1060,1567)  (1013,1471)  (1061,1471)  (1061,1519)  (963,1470)  (1108,1567)  (1109,1457)  (1109,1505) 
Sea Zone 96  (429,1536)  (476,1584)  (428,1584)  (410,1488)  (458,1488)  (477,1536) 
Sea Zone 97  (601,1507)  (553,1551)  (553,1503)  (601,1459)  (649,1459)  (649,1507)  (697,1457)  (697,1505) 
Alabama  (167,1006)  (119,1043)  (119,995)  (214,1054)  (167,958)  (215,958)  (215,1006)  (166,1091)  (220,1102)  (263,956) 
Hainan  (4769,1396)  
Kalinina  (4622,384)  (4574,431)  (4574,383)  (4669,432)  (4622,336)  (4670,336)  (4670,384)  (4572,335)  (4717,432)  (4718,374) 
Korea  (5190,994) 
Sakhalin  (5521,653) 
Baffin  (664,326)  (658,278)  (712,343)  (604,240)  (556,220)  (508,202)  (460,196)  (412,206) 
Hunan  (4828,1164)  (4833,1212)  (4876,1136)  (4924,1127) 
Asir  (3239,1345)  (3286,1393)  (3208,1297)  (3256,1297)  (3287,1345)  (3283,1441) 
Bengal  (4339,1252)  (4320,1300)  (4387,1221)  (4387,1269)  (4435,1207) 
Minnesota  (23,825)  (70,873)  (22,873)  (0,777)  (48,777)  (71,825)  (30,921) 
Hupeh  (4687,1136)  (4639,1130)  (4734,1184)  (4735,1121)  (4591,1130) 
Cairo  (2973,1162)  (2998,1210)  (3024,1258)  (2976,1258)  (3054,1306)  (3006,1306)  (3085,1354)  (3037,1354)
Umanak  (1081,105)  (1033,96)  (1129,68)  (1129,116)  (1141,164) 
Makin  (6070,1623) 
Ohio  (357,936)  (404,984)  (356,984)  (340,888)  (405,910)  (341,840) 
Rumania  (2842,817)  (2792,782)  (2848,767)  (2896,813) 
Sea Zone 76  (3101,855)  (3149,862) 
Sea Zone 77  (3423,870)  (3454,918)  (3392,822)  (3463,966) 
Sea Zone 74  (2921,1027)  (2921,1075)  (2969,1029)  (2969,1077)  (3017,1069) 
Sea Zone 75  (2984,850) 
Portugal  (2067,933) 
Sea Zone 78  (175,1221)  (127,1247)  (127,1199)  (223,1190)  (223,1238)  (271,1163)  (271,1211) 
Sea Zone 79  (461,1141)  (508,1189)  (501,1093)  (509,1141)  (375,1228)  (517,1237)  (356,1180) 
Sea Zone 80  (651,1172)  (603,1219)  (603,1171)  (698,1220)  (651,1124)  (699,1124)  (699,1172)  (601,1123)  (649,1076)  (697,1076)  (566,1075) 
Sondre  (1304,123)  (1256,170)  (1256,122)  (1308,171)  (1304,75)  (1352,75)  (1352,123)  (1208,187)  (1400,65)  (1448,35)  (1448,83)  (1496,51)  (1496,99) 
Morocco  (2155,1110)  (2106,1120)  (2204,1098)  (2093,1170) 
Sea Zone 83  (1304,1173)  (1256,1220)  (1256,1172)  (1351,1221)  (1304,1125)  (1352,1125)  (1352,1173)  (1254,1124)  (1302,1077)  (1350,1077)  (1225,1076) 
Sea Zone 84  (1523,1178)  (1475,1225)  (1475,1177)  (1570,1226)  (1523,1130)  (1571,1130)  (1571,1178)  (1473,1129)  (1521,1082)  (1569,1082)  (1617,1082)  (1445,1081) 
Sea Zone 81  (845,1170)  (797,1217)  (797,1169)  (892,1218)  (845,1122)  (893,1122)  (893,1170)  (795,1121)  (940,1218)  (941,1075)  (941,1123) 
Sea Zone 82  (1086,1175)  (1038,1222)  (1038,1174)  (1133,1223)  (1086,1127)  (1134,1127)  (1134,1175)  (1036,1126)  (1084,1079)  (1132,1079)  (1005,1078) 
Leopoldville  (2839,1975)  (2791,1951)  (2886,2023)  (2838,2023)  (2839,1927)  (2887,1935)  (2766,1903)  (2814,1879)  (2718,1945)  (2718,1897)  (2722,1849) 
Sea Zone 187  (3960,1965)  (3912,2012)  (3912,1964)  (4007,2013)  (3960,1917)  (4008,1917)  (4008,1965)  (3910,1916)  (3959,2060)  (3911,2060)  (3864,2012)  (3864,1964)  (4055,2013)  (4055,2061)  (4007,2061)  (3863,2061)  (3958,1869)  (4006,1869)  (4054,1869)  (4056,1917)  (4056,1965)  (3862,1916)  (3862,1868)  (3910,1868)  (4102,1823)  (3958,1821)  (4006,1821)  (4054,1821)  (3851,1820)  (3899,1820) 
Montana  (8072,797)  (8119,845)  (8071,845)  (8040,749)  (8088,749)  (8120,797)  (8136,733) 
Yulara  (5261,2426)  (5213,2461)  (5231,2378)  (5279,2378)  (5309,2426) 
Victoria  (7962,220)  (8010,223)  (8058,210)  (7708,160) 
Tanzania  (3065,1934)  (3017,1976)  (3017,1928)  (3112,1982)  (3078,1886)  (3113,1934)  (2982,1879)  (3145,2030)  (3097,2030) 
Sea Zone 87  (126,1340)  (174,1295)  (174,1343) 
Sea Zone 88  (331,1384)  (379,1360)  (379,1408)  (259,1313)  (307,1313) 
Ghana  (2248,1641)  (2200,1673)  (2296,1599)  (2296,1647)  (2172,1625)  (2152,1675)  (2344,1592) 
Sea Zone 85  (1732,1177)  (1684,1224)  (1684,1176)  (1779,1225)  (1732,1129)  (1780,1129)  (1780,1177)  (1682,1128)  (1827,1225)  (1730,1081)  (1778,1081)  (1826,1081)  (1828,1129)  (1828,1177)  (1665,1080) 
Sea Zone 86  (1935,1179)  (1887,1226)  (1887,1178)  (1942,1227)  (1935,1131)  (1983,1131)  (1885,1130)  (1933,1083)  (1981,1083)  (2029,1083)  (1885,1082) 
Florida  (346,1075)  (298,1109)  (298,1061)  (394,1047)  (394,1095) 
Sea Zone 89  (548,1318)  (500,1299)  (596,1295)  (605,1343)  (486,1386)  (553,1405) 
Taloyoak  (8012,388)  (7964,435)  (7964,387)  (8059,436)  (8012,340)  (8060,340)  (8060,388)  (7962,339)  (7916,457)  (7916,409)  (8107,436)  (8108,308)  (8108,356)  (7914,361)  (7914,313) 
Benghazi  (2755,1222)  (2802,1270)  (2754,1270)  (2763,1174)  (2803,1222)  (2811,1166)  (2817,1318)
Sea Zone 90  (755,1349)  (707,1369)  (707,1321)  (802,1397)  (755,1301)  (803,1301)  (803,1349) 
Beijing  (4865,949)  (4870,901)  (4913,949) 
Sea Zone 91  (976,1356)  (928,1403)  (928,1355)  (1023,1404)  (976,1308)  (1024,1308)  (1024,1356)  (926,1307) 
Santiago  (659,2406) 
Sea Zone 94  (1634,1360)  (1586,1407)  (1586,1359)  (1681,1408)  (1634,1312)  (1682,1312)  (1682,1360)  (1584,1311) 
Sea Zone 95  (1824,1359)  (1776,1406)  (1776,1358)  (1871,1407)  (1824,1311)  (1872,1311)  (1872,1359)  (1775,1310) 
Sea Zone 92  (1205,1361)  (1157,1408)  (1157,1360)  (1252,1409)  (1205,1313)  (1253,1313)  (1253,1361)  (1155,1312) 
Sea Zone 263  (3448,1219)  (3403,1169)  (3498,1245)
Bedourie  (5433,2434)  (5385,2464)  (5385,2416)  (5480,2482)  (5433,2386)  (5481,2422) 
Sea Zone 93  (1412,1357)  (1364,1404)  (1364,1356)  (1459,1405)  (1412,1309)  (1460,1309)  (1460,1357)  (1362,1308)  (1507,1405) 
Ashkhabad  (3587,930)  (3539,945)  (3635,923)  (3667,971)  (3715,944) 
Germany  (2521,623)  (2473,670)  (2473,622)  (2568,671)  (2569,589)  (2520,718)  (2616,681)  (2568,719)  (2623,729) 
Khartoum  (2966,1465)  (3016,1465)  (3015,1415)  (3018,1514)  (3069,1417)  (3068,1466)  (3070,1515)
Crete  (2847,1024) 
Manitoba  (60,600)  (12,647)  (12,599)  (107,648)  (60,552)  (108,552)  (108,600)  (10,551)  (155,648)  (156,554)  (204,554) 
Fiji  (6359,2297) 
Yermakovo  (4344,380)  (4296,427)  (4296,379)  (4392,335)  (4392,383)  (4257,331)  (4248,433)  (4248,385)  (4440,324)  (4440,372)  (4440,420)  (4488,381) 
Adelaide  (5292,2522)  (5244,2526)  (5340,2514)  (5376,2562)  (5196,2534)  (5424,2538) 
Somalia  (3291,1737)  (3340,1691)  (3239,1775)  (3391,1593)
Sea Zone 54  (2317,509)  (2267,495)  (2316,558)  (2218,418)  (2268,419)  (2317,434) 
Hailar  (4945,660)  (4897,682)  (4897,634)  (4992,708)  (4945,612)  (4993,635)  (4886,586)  (4849,680)  (4960,756)  (5041,672) 
Sea Zone 55  (2395,514)  (2369,562)  (2365,466)  (2413,466)  (2365,418)  (2413,418) 
Sea Zone 52  (1844,504)  (1796,551)  (1796,503)  (1891,552)  (1844,456)  (1892,456)  (1892,504)  (1794,455)  (1939,552)  (1940,415)  (1940,463) 
Sea Zone 53  (2065,499)  (2017,531)  (2017,483)  (2065,451)  (2000,435)  (2113,433)  (2006,579)  (2161,415) 
Ellesmere  (427,21)  (379,60)  (475,0)  (523,0) 
Sea Zone 58  (1100,723)  (1135,771)  (1087,771)  (1045,677)  (1093,675)  (1141,675)  (1148,723)  (1039,788)  
Sea Zone 59  (1289,730)  (1241,777)  (1241,729)  (1336,778)  (1289,682)  (1337,682)  (1337,730)  (1239,681)  (1384,778)  (1385,635)  (1385,683) 
Sea Zone 56  (2649,522)  (2599,527)  (2711,524)  (2546,476)  (2697,474)  (2747,474) 
Formosa  (5023,1287) 
Sea Zone 57  (2733,425)  (2748,377) 
Sea Zone 61  (1739,740)  (1691,787)  (1691,739)  (1786,788)  (1739,692)  (1787,692)  (1787,740)  (1689,691)  (1834,788)  (1737,644)  (1785,644)  (1833,644)  (1835,692)  (1835,740)  (1665,643) 
Sea Zone 62  (1952,725)  (1904,772)  (1904,724)  (1999,773)  (1952,677)  (2000,677)  (2000,725)  (1902,676)  (2047,773)  (2048,637)  (2048,685) 
Sea Zone 60  (1526,734)  (1478,781)  (1478,733)  (1573,782)  (1526,686)  (1574,686)  (1574,734)  (1476,685)  (1524,638)  (1572,638)  (1445,637) 
Alma Ata  (4023,706)  (4043,754)  (3995,754)  (3995,658)  (4071,668)  (4014,802)  (4119,671) 
Buenos Aires  (734,2541)  (686,2588)  (686,2540)  (781,2589)  (734,2493)  (782,2493)  (782,2541)  (830,2480)  (830,2528)  (830,2576)  (878,2543) 
Washington  (559,905)  (509,944)  (507,893)  (522,996)  (471,1027)  (572,854)  (630,851) 
Nigeria  (2458,1617)  (2410,1648)  (2471,1665)  (2414,1569)  (2462,1569)  (2506,1617)  (2510,1565)  (2558,1550)  (2558,1598) 
Nordvik  (4802,218)  (4754,265)  (4754,217)  (4850,187)  (4850,235)  (4706,263)  (4706,215)  (4898,177)  (4898,225) 
Chukotka  (6183,282)  (6135,318)  (6135,270)  (6231,252)  (6231,300)  (6087,305)  (6279,254)  (6279,302)  (6061,257)  (6327,263)  (6013,291)  (6375,274)  (5965,281)  (6423,291) 
Urumqi  (4189,791)  (4141,838)  (4141,790)  (4195,839)  (4189,743)  (4237,743)  (4237,791)  (4285,752) 
Beluga  (6912,330)  (6864,377)  (6864,329)  (6959,378)  (6912,282)  (6960,282)  (6960,330)  (6862,281)  (6911,425)  (6863,425)  (7007,378)  (6983,426)  (6815,424)  (6910,234)  (6958,234)  (7006,234)  (7008,282)  (7008,330)  (6814,279)  (6862,233)  (6935,473) 
Sea Zone 65  (1200,944)  (1152,991)  (1152,943)  (1247,992)  (1200,896)  (1248,896)  (1248,944)  (1150,895) 
Sea Zone 66  (1414,944)  (1366,991)  (1366,943)  (1461,992)  (1414,896)  (1462,896)  (1462,944)  (1364,895) 
Karafuto  (5522,693) 
Sea Zone 64  (851,924)  (803,971)  (803,923)  (898,972)  (851,876)  (899,876)  (899,924)  (801,875)  (850,1019)  (802,1019)  (755,971)  (755,923)  (946,972)  (946,1020)  (898,1020)  (754,1020)  (892,828)  (940,828)  (947,876)  (947,924)  (753,875)  (707,972)  (707,924)  (994,972)  (994,1020)  (706,1027)  (941,780)  (995,855)  (995,903)  (851,759)  (659,979)  (659,931)  (1042,951)  (1042,999)  (658,1027)  (899,732)  (1043,855)  (1043,903)  (843,711)  (611,979)  (610,1027) 
Sea Zone 69  (2028,910)  (2024,859)  (2023,959)  (1997,1021)  (2046,1023)  (2099,1023) 
Switzerland  (2423,754) 
Sea Zone 67  (1629,944)  (1581,991)  (1581,943)  (1676,992)  (1629,896)  (1677,896)  (1677,944)  (1579,895)  (1724,992)  (1725,855)  (1725,903) 
Samoa  (6582,2088) 
Spain  (2176,914)  (2205,962)  (2146,866)  (2224,879)  (2272,885) 
Sea Zone 68  (1843,941)  (1795,988)  (1795,940)  (1890,989)  (1843,893)  (1891,893)  (1891,941)  (1793,892)  (1938,989)  (1939,855)  (1939,903) 
Nunavut  (47,374)  (94,422)  (46,422)  (0,326)  (48,326)  (95,374)  (96,325)  (143,373)  (144,303)  (191,351)  (192,270)  (239,318)  (354,289) 
Khobdo  (4387,707)  (4339,714)  (4339,666)  (4434,755)  (4431,659)  (4435,707)  (4291,684) 
Sea Zone 72  (2567,942)  (2551,1029)  (2688,983)  (2639,1020)  (2554,1080)  (2639,1069)  (2688,1040)  (2688,1089)  (2688,1137) 
Sea Zone 73  (2736,991)  (2736,1039)  (2736,1087)  (2784,1034)  (2784,1082)  (2832,1066)  (2851,992) 
Sea Zone 70  (2261,1006)  (2213,1028)  (2298,958)  (2309,1006) 
Sea Zone 71  (2365,882)  (2365,930)  (2365,978)  (2413,883)  (2413,931)  (2413,979)  (2461,990) 
Palau  (5332,1655) 
Sea Zone 38  (2152,281)  (2199,329)  (2151,329)  (2105,233)  (2153,233)  (2200,281)  (2201,232) 
Sea Zone 39  (2342,286)  (2294,333)  (2294,285)  (2389,334)  (2342,238)  (2390,238)  (2390,286)  (2292,237) 
Alberta  (7841,604)  (7888,652)  (7840,652)  (7805,556)  (7853,556)  (7889,604)  (7901,544)  (7936,652)  (7805,508)  (7853,508)  (7937,592)  (7949,505) 
Indochina  (4654,1544)  (4702,1540)  (4710,1488)  (4644,1393)  (4648,1345) 
Sea Zone 32  (731,195) 
Sea Zone 33  (858,246)  (810,255)  (810,207)  (858,198)  (906,198)  (906,246)  (908,294)  (953,342)  (905,342)  (954,195)  (954,243)  (956,291) 
Sea Zone 30  (205,199) 
Salvador  (1203,1962)  (1155,2009)  (1155,1961)  (1250,2010)  (1203,1914)  (1251,1914)  (1251,1962)  (1153,1913)  (1183,2057)  (1135,2057)  (1298,2010)  (1299,1927)  (1117,1865)  (1347,1942) 
Sea Zone 31  (467,309)  (419,356)  (475,357)  (515,272)  (371,367)  (563,293) 
Sea Zone 36  (1674,327)  (1665,279)  (1722,341)  (1713,261)  (1761,240)  (1770,362)  (1809,211)  (1809,259) 
Sea Zone 37  (1992,263)  (1944,255)  (2039,311)  (1992,215)  (2040,215)  (2040,263)  (1935,207)  (1991,336)  (1943,353)  (2057,359)  (1887,252)  (1887,204) 
Sea Zone 34  (1005,316)  (1042,364)  (1005,268)  (1005,220) 
Sea Zone 35  (1489,333)  (1441,367)  (1537,288)  (1537,336)  (1393,367)  (1585,265)  (1585,313)  (1585,361) 
Novosibirsk  (3908,498)  (3860,545)  (3860,497)  (3955,546)  (3908,450)  (3956,450)  (3956,498)  (3858,449)  (3812,534)  (4003,546)  (4004,468)  (3810,486)  (4052,494) 
Belfast  (2119,540) 
Mozambique  (3055,2216)  (3120,2129)  (3041,2294)  (3168,2092)  (3168,2140)  (3044,2342) 
Truk  (5769,1724) 
Sea Zone 40  (2517,266)  (2521,314)  (2475,218)  (2523,218)  (2565,266)  (2571,212)  (2619,195) 
Guam  (5559,1624) 
Western Sahara  (1988,1288)  (2016,1240) 
Sea Zone 49  (1177,508)  (1129,555)  (1129,507)  (1224,556)  (1177,460)  (1225,460)  (1225,508)  (1127,459)  (1272,556)  (1273,454)  (1273,502) 
Tarawa  (6254,1780) 
Sea Zone 43  (3408,224)  (3360,252)  (3360,204)  (3456,195)  (3312,243)  (3312,195)  (3504,195) 
Sea Zone 44  (3656,211)  (3608,234)  (3704,195)  (3752,195) 
Punjab  (4007,1074)  (3959,1079)  (4054,1122)  (3973,1026)  (4021,1026)  (4055,1074)  (4006,1127) 
Sea Zone 41  (2763,197)  (2705,199)  (2946,196) 
Yunnan  (4573,1237)  (4620,1285)  (4554,1189)  (4602,1189)  (4621,1237) 
Sea Zone 42  (3131,222)  (3178,270)  (3179,195)  (3083,206)  (3226,243)  (3227,195)  (3035,200) 
Sea Zone 47  (739,451)  (804,430) 
Sea Zone 48  (963,478)  (915,525)  (915,477)  (1010,526)  (963,430)  (1011,430)  (1011,478)  (913,429)  (1058,526)  (1058,574)  (1010,574)  (1059,415)  (1059,463) 
Sea Zone 45  (269,479)  (221,499)  (221,451)  (316,527)  (269,431)  (317,431)  (317,479)  (173,467)  (364,527)  (365,415)  (365,463) 
Sea Zone 46  (463,480)  (491,528)  (455,432) 
Rhodesia  (2900,2222)  (2852,2269)  (2947,2270)  (2851,2174)  (2899,2174)  (2948,2179)  (2868,2317)  (2820,2317)  (2804,2269)  (2995,2227)  (2815,2126)  (2863,2126)  (2911,2126)  (2987,2109)  (2772,2339)  (2986,2061) 
Sea Zone 50  (1413,517)  (1365,564)  (1365,516)  (1460,565)  (1413,469)  (1461,469)  (1461,517)  (1363,468)  (1411,421)  (1459,421)  (1507,421)  (1335,420) 
Falkland  (956,2857) 
Sea Zone 51  (1626,510)  (1578,557)  (1578,509)  (1673,558)  (1626,462)  (1674,462)  (1674,510)  (1576,461)  (1721,558)  (1722,415)  (1722,463) 
Ontario  (376,696)  (328,694)  (423,744)  (376,648)  (424,683)  (325,646)  (471,767)  (373,600)  (277,690)  (277,642)  (325,598)  (229,699) 
Suntar  (4895,343)  (4847,386)  (4847,338)  (4943,312)  (4943,360)  (4799,398)  (4799,350)  (4991,312)  (4991,360) 
El Alamein  (2877,1164)  (2925,1164)  (2925,1212)  (2877,1212)  (2925,1260)  (2877,1260)  (2925,1308)  (2877,1308)  (2925,1356)
Sea Zone 18  (5091,66)  (5043,113)  (5043,65)  (5138,114)  (5091,18)  (5139,18)  (5139,66)  (5041,17)  (4995,130)  (4995,82)  (5186,114)  (5187,0)  (5187,48)  (4993,34)  (5234,96)  (5235,0)  (5235,48) 
Sea Zone 19  (5382,96)  (5334,143)  (5334,95)  (5429,144)  (5382,48)  (5430,48)  (5430,96)  (5332,47)  (5286,165)  (5286,117)  (5477,144)  (5380,0)  (5428,0)  (5476,0)  (5478,48)  (5478,96)  (5524,0)  (5525,144)  (5526,48)  (5526,96) 
Sea Zone 16  (4457,27)  (4409,69)  (4409,21)  (4505,0)  (4505,48)  (4553,0)  (4553,48)  (4601,0) 
Sea Zone 17  (4816,34)  (4768,56)  (4768,8)  (4864,0)  (4864,48)  (4895,96)  (4720,50)  (4720,2)  (4912,0)  (4912,48) 
Sea Zone 10  (2691,93)  (2643,140)  (2643,92)  (2738,141)  (2691,45)  (2739,45)  (2739,93)  (2641,44)  (2595,147)  (2595,99)  (2786,141)  (2787,0)  (2787,48)  (2593,51)  (2593,3)  (2834,96)  (2834,144)  (2835,0)  (2835,48) 
Sea Zone 11  (2989,76)  (2941,123)  (2941,75)  (3036,124)  (2989,28)  (3037,28)  (3037,76)  (2939,27)  (2893,147)  (2893,99)  (3084,124)  (3085,0)  (3085,48)  (2891,51)  (2891,3)  (3132,96)  (3132,144)  (3133,0)  (3133,48) 
Sea Zone 147  (7514,758)  (7466,805)  (7466,757)  (7561,806)  (7514,710)  (7562,710)  (7562,758)  (7464,709)  (7513,853)  (7465,853)  (7609,806)  (7609,854)  (7561,854)  (7512,662)  (7450,661) 
Sea Zone 14  (3888,82)  (3840,129)  (3840,81)  (3935,130)  (3888,34)  (3936,34)  (3936,82)  (3838,33)  (3792,147)  (3792,99)  (3983,130)  (3984,0)  (3984,48)  (3790,51)  (3790,3)  (4031,96)  (4031,144)  (4032,0)  (4032,48) 
Sea Zone 15  (4206,58)  (4158,105)  (4158,57)  (4208,106)  (4206,10)  (4254,10)  (4254,58)  (4156,9)  (4110,128)  (4110,80)  (4302,0)  (4302,48)  (4108,32) 
Sea Zone 12  (3294,79)  (3246,126)  (3246,78)  (3341,127)  (3294,31)  (3342,31)  (3342,79)  (3244,30)  (3198,147)  (3198,99)  (3389,127)  (3390,0)  (3390,48)  (3196,51)  (3196,3)  (3437,96)  (3437,144) 
Malta  (2595,1055) 
Sea Zone 13  (3599,85)  (3551,132)  (3551,84)  (3646,133)  (3599,37)  (3647,37)  (3647,85)  (3549,36)  (3503,147)  (3503,99)  (3694,133)  (3695,0)  (3695,48)  (3501,51)  (3501,3) 
Darwin  (5311,2281)  (5263,2310)  (5263,2262)  (5311,2233)  (5359,2248)  (5359,2296)  (5215,2309)  (5215,2261)  (5298,2185)  (5407,2273)  (5407,2321) 
Ireland  (2087,576) 
Salekhard  (3750,343)  (3702,380)  (3702,332)  (3770,391)  (3750,295)  (3798,295)  (3798,343)  (3690,284)  (3654,380)  (3654,332)  (3846,341)  (3858,233)  (3875,281)  (3894,344) 
Tehran  (3470,1024)  (3421,1017)  (3521,1018)  (3371,997)  (3570,1009)  (3318,979)  (3619,1010) 
Sea Zone 29  (1,229) 
Dominic  (640,1399) 
Sea Zone 27  (7800,35)  (7752,82)  (7752,34)  (7848,0)  (7848,48)  (7704,105)  (7704,57)  (7704,9)  (7896,0)  (7752,223) 
Sea Zone 28  (8099,151)  (8098,103)  (8036,73)  (8084,55)  (8132,55)  (8009,25)  (8057,7)  (8105,7) 
Sea Zone 21  (5995,114)  (5947,161)  (5947,113)  (6042,162)  (5995,66)  (6043,66)  (6043,114)  (5945,65)  (5899,171)  (5899,123)  (6090,162)  (5993,18)  (6041,18)  (6089,18)  (6091,66)  (6091,114)  (5897,75)  (5897,27)  (5945,17)  (6137,1) 
Sea Zone 22  (6300,120)  (6252,167)  (6252,119)  (6347,168)  (6300,72)  (6348,72)  (6348,120)  (6250,71)  (6204,195)  (6204,147)  (6395,168)  (6395,216)  (6298,24)  (6346,24)  (6394,24)  (6396,72)  (6396,120)  (6202,99)  (6202,51)  (6250,23)  (6185,3) 
Bouganville  (5827,1964) 
Acre  (741,1947)  (693,1978)  (693,1930)  (788,1995)  (789,1925)  (645,1975)  (645,1927)  (836,1973)  (804,2043)  (597,1957) 
Sea Zone 20  (5713,92)  (5665,139)  (5665,91)  (5760,140)  (5713,44)  (5761,44)  (5761,92)  (5663,43)  (5617,143)  (5617,95)  (5808,140)  (5809,0)  (5809,48)  (5615,47) 
Sea Zone 25  (7207,120)  (7159,167)  (7159,119)  (7254,168)  (7207,72)  (7255,72)  (7255,120)  (7157,71)  (7111,174)  (7111,126)  (7302,168)  (7205,24)  (7253,24)  (7301,24)  (7303,72)  (7303,120)  (7109,78)  (7109,30)  (7157,23) 
Sea Zone 26  (7492,122)  (7444,169)  (7444,121)  (7539,170)  (7492,74)  (7540,74)  (7540,122)  (7442,73)  (7396,188)  (7396,140)  (7490,26)  (7538,26)  (7586,26)  (7588,74)  (7588,122)  (7394,92)  (7394,44)  (7442,25)  (7634,0)  (7636,48)  (7636,96) 
Wake  (6065,1346) 
Sea Zone 23  (6577,154)  (6529,201)  (6529,153)  (6624,202)  (6577,106)  (6625,106)  (6625,154)  (6527,105)  (6576,249)  (6528,249)  (6672,202)  (6672,250)  (6624,250)  (6575,58)  (6623,58)  (6671,58)  (6673,106)  (6673,154)  (6485,57)  (6719,12)  (6720,202)  (6693,298)  (6645,298)  (6533,10)  (6581,10)  (6629,10)  (6721,60)  (6721,108)  (6485,9) 
Sea Zone 24  (6904,104)  (6856,151)  (6856,103)  (6951,152)  (6904,56)  (6952,56)  (6952,104)  (6854,55)  (6808,173)  (6808,125)  (6999,152)  (6902,8)  (6950,8)  (6998,8)  (7000,56)  (7000,104)  (6806,77)  (6806,29)  (6854,7) 
Krasnoyarsk  (4178,554)  (4130,601)  (4130,553)  (4225,602)  (4178,506)  (4226,506)  (4226,554)  (4128,505) 
Shammar  (3210,1199)  (3162,1246)  (3162,1198)  (3210,1151)  (3258,1180)  (3306,1196) 
Sea Zone 190  (4897,1979)  (4849,1976)  (4945,1959)  (4945,2007)  (4955,1911)  (4972,2055)  (4831,2064)  (4801,1972)  (4993,1999)  (4783,2072)  (4760,1924) 
Sea Zone 192  (5478,1839)  (5430,1837)  (5526,1820)  (5526,1868)  (5382,1841)  (5574,1820)  (5574,1868) 
Komi  (3445,358)  (3397,378)  (3397,330)  (3445,310)  (3493,310)  (3493,358)  (3349,388)  (3541,300)  (3541,348) 
Sea Zone 191  (5050,1980)  (5078,2028)  (5088,1902)  (5098,1962)  (5136,1854)  (5146,1956)  (5146,2004)  (5194,1952)  (5194,2000)  (5214,1821)  (5228,1882)  (5242,1956)  (5265,2072)  (5290,1945)  (5290,1993) 
Sea Zone 198  (6950,1955)  (6902,2002)  (6902,1954)  (6997,2003)  (6950,1907)  (6998,1907)  (6998,1955)  (6900,1906)  (6949,2050)  (6901,2050)  (6854,2002)  (6854,1954)  (7045,2003)  (7045,2051)  (6997,2051)  (6853,2051)  (6948,1859)  (6996,1859)  (7044,1859)  (7046,1907)  (7046,1955)  (6852,1906)  (6852,1858)  (6900,1858)  (7092,1820)  (7093,2003)  (7093,2051)  (7094,1868)  (7094,1916) 
Sea Zone 197  (6663,1955)  (6615,2002)  (6615,1954)  (6710,2003)  (6663,1907)  (6711,1907)  (6711,1955)  (6613,1906)  (6662,2050)  (6614,2050)  (6567,2002)  (6567,1954)  (6758,2003)  (6758,2051)  (6710,2051)  (6566,2051)  (6661,1859)  (6709,1859)  (6757,1859)  (6759,1907)  (6759,1955)  (6565,1906)  (6565,1858)  (6613,1858) 
Carnarvon  (5073,2348)  (5025,2365)  (5118,2300)  (5121,2348)  (4977,2376)  (5169,2360) 
Tashkent  (3708,850)  (3660,852)  (3686,802)  (3756,839)  (3756,887)  (3804,858) 
Sea Zone 199  (7270,1952)  (7222,1999)  (7222,1951)  (7317,2000)  (7270,1904)  (7318,1904)  (7318,1952)  (7220,1903)  (7269,2047)  (7221,2047)  (7174,1999)  (7174,1951)  (7365,2000)  (7365,2048)  (7317,2048)  (7173,2048)  (7268,1856)  (7316,1856)  (7364,1856)  (7366,1904)  (7366,1952)  (7172,1903)  (7172,1855)  (7220,1855) 
Sea Zone 194  (5650,1821)  (5650,1869)  (5650,1917)  (5668,1982)  (5698,1821)  (5698,1869)  (5698,1917)  (5716,1992)  (5733,2040)  (5746,1821)  (5764,1989)  (5781,1869)  (5781,2037)  (5794,1821)  (5820,1917)  (5829,1869)  (5829,2027)  (5842,1821)  (5868,1917)  (5877,1869)  (5877,2039)  (5890,1821)  (5898,1965) 
Sea Zone 193  (5432,2060)  (5384,2072)  (5384,2024)  (5480,2062)  (5350,1976)  (5528,2064)  (5576,2036) 
Sea Zone 196  (6389,1963)  (6341,2010)  (6341,1962)  (6436,2011)  (6389,1915)  (6437,1915)  (6437,1963)  (6339,1914)  (6338,2058)  (6293,2010)  (6293,1962)  (6484,2011)  (6484,2059)  (6436,2059)  (6387,1867)  (6435,1867)  (6483,1867)  (6485,1915)  (6485,1963)  (6291,1914)  (6291,1866)  (6339,1866)  (6290,2061) 
Sea Zone 195  (6060,1946)  (6012,1993)  (6012,1945)  (6107,1994)  (6060,1898)  (6108,1898)  (6108,1946)  (6010,1897)  (6059,2041)  (6011,2041)  (5964,1993)  (5964,1945)  (6155,1994)  (6155,2042)  (6107,2042)  (6058,1850)  (6106,1850)  (6154,1850)  (6156,1898)  (6156,1946)  (5962,1897)  (5962,1849)  (6010,1849)  (6202,1821) 
Chita  (4686,563)  (4638,610)  (4638,562)  (4719,611)  (4686,515)  (4734,515)  (4734,563)  (4636,514)  (4590,572)  (4782,540)  (4782,588)  (4588,524)  (4830,597) 
Salta  (777,2369)  (729,2416)  (729,2327)  (824,2417)  (777,2321)  (825,2324)  (872,2387) 
Mali  (2226,1437)  (2178,1484)  (2178,1425)  (2273,1485)  (2226,1389)  (2274,1389)  (2274,1437)  (2177,1377)  (2225,1532)  (2177,1532)  (2297,1533)  (2129,1531)  (2322,1408)  (2177,1329)  (2081,1512)  (2370,1408) 
Panama  (292,1495)  (340,1495)  (342,1543)  (230,1488) 
Kamchatka  (6086,405)  (6038,378)  (6134,372)  (5990,377)  (6182,375)  (5941,531)  (6230,375)  (5893,576) 
Lanchow  (4385,998)  (4421,1046)  (4387,950)  (4433,998) 
Malaya  (4607,1729) 
Sea Zone 1  (12,34)  (52,82)  (4,82)  (100,117) 
Transjordan  (3114,1093)  (3122,1041)  (3104,1142)  (3177,1029) 
Sea Zone 2  (262,86) 
Baykalovsk  (4294,220)  (4246,267)  (4246,219)  (4341,268)  (4294,172)  (4342,172)  (4342,220)  (4389,268)  (4390,129)  (4390,177) 
Irkutsk  (4395,533)  (4347,580)  (4347,532)  (4395,485)  (4443,485)  (4443,533)  (4345,484)  (4491,492)  (4491,540) 
Dundas  (1255,4)  (1207,12)  (1303,0)  (1351,0) 
Sumatra  (4601,1877)  (4647,1925) 
Sea Zone 7  (2083,82)  (2035,129)  (2035,81)  (2130,130)  (2083,34)  (2131,34)  (2131,82)  (2033,33) 
Sea Zone 8  (2247,85)  (2294,133)  (2246,133)  (2215,37)  (2263,37)  (2295,85)  (2311,21) 
Sea Zone 9  (2448,81)  (2400,128)  (2400,80)  (2495,129)  (2448,33)  (2496,33)  (2496,81)  (2398,32) 
Sea Zone 3  (567,107)  (519,127)  (601,59)  (615,107) 
Sea Zone 4  (734,114)  (686,147)  (686,99)  (782,84)  (782,132)  (830,83)  (830,131) 
Sea Zone 5  (927,128)  (975,130) 
Idaho  (7913,808)  (7865,855)  (7865,807)  (7960,856)  (7913,760)  (7961,760)  (7961,808)  (7863,759) 
Sydney  (5532,2616)  (5484,2648)  (5540,2664)  (5527,2568)  (5575,2568)  (5580,2616)  (5623,2567)  (5628,2615) 
Sea Zone 6  (1895,104)  (1847,147)  (1887,56)  (1935,56)  (1943,104)  (1884,8)  (1932,8) 
Madagascar  (3313,2245)  (3342,2293)  (3357,2197)  (3294,2328) 
Aktobe  (3494,718)  (3446,734)  (3446,686)  (3541,766)  (3494,670)  (3542,670)  (3542,718)  (3576,814)  (3528,814)  (3480,824) 
Yakutsk  (5180,368)  (5132,415)  (5132,367)  (5227,416)  (5180,320)  (5228,324)  (5130,319)  (5084,402)  (5275,388)  (5082,354) 
Sweden  (2624,394)  (2646,442)  (2663,346)  (2711,307) 
Poland  (2718,629)  (2667,631)  (2669,580)  (2720,579)  (2769,647) 
W.Mexico  (8087,1251)  (8039,1244)  (8134,1299)  (8135,1220)  (8031,1196)  (8143,1347)  (7983,1185)  (8046,1148) 
Java  (4797,2015) 
Shanghai  (4934,1053)  (4945,1005)  (4982,1067)  (4868,1076) 
Hawaii  (6974,1488) 
Najd  (3384,1327)  (3336,1281)  (3414,1375)  (3384,1279)  (3432,1309)  (3462,1357)  (3510,1339) 
Rio de Janeiro  (1159,2180)  (1111,2227)  (1111,2179)  (1206,2228)  (1198,2132)  (1207,2180)  (1246,2093)  (1255,2141) 
Tuvalu  (6368,2082) 
Sao Paulo  (993,2353)  (1040,2401)  (992,2401)  (985,2305)  (1033,2305)  (1041,2353)  (1081,2297) 
Mauritania  (2050,1397)  (2002,1408)  (2061,1349)  (2098,1397)  (2109,1338)  (2085,1290) 
Saarloq  (1444,219)  (1396,258)  (1396,210)  (1492,179)  (1492,227)  (1348,235)  (1540,179)  (1588,175) 
Cameroon  (2568,1716)  (2596,1668)  (2616,1732) 
Sea Zone 154  (7134,1069)  (7086,1116)  (7086,1068)  (7181,1117)  (7134,1021)  (7182,1021)  (7182,1069)  (7084,1020)  (7133,1164)  (7085,1164)  (7038,1116)  (7038,1068)  (7229,1117)  (7229,1165)  (7181,1165)  (7037,1165)  (7132,973)  (7180,973)  (7228,973)  (7230,1021)  (7230,1069)  (7036,1020)  (7036,972)  (7084,972)  (7132,925)  (7180,925)  (7228,925)  (7000,924)  (7048,924) 
Sea Zone 153  (6821,1061)  (6773,1108)  (6773,1060)  (6868,1109)  (6821,1013)  (6869,1013)  (6869,1061)  (6771,1012)  (6820,1156)  (6772,1156)  (6725,1108)  (6725,1060)  (6916,1109)  (6916,1157)  (6868,1157)  (6724,1157)  (6819,965)  (6867,965)  (6915,965)  (6917,1013)  (6917,1061)  (6723,1012)  (6723,964)  (6771,964) 
Sea Zone 156  (3146,1366)  (3186,1415)  (3137,1316)  (3097,1255)  (3223,1468) 
Sea Zone 155  (7404,1050)  (7356,1097)  (7356,1049)  (7451,1098)  (7404,1002)  (7452,1002)  (7452,1050)  (7354,1001)  (7403,1145)  (7355,1145)  (7308,1097)  (7308,1049)  (7499,1098)  (7499,1146)  (7451,1146)  (7307,1146)  (7402,954)  (7450,954)  (7498,954)  (7500,1002)  (7500,1050)  (7306,1001)  (7306,953)  (7354,953)  (7546,920)  (7547,1098)  (7547,1146)  (7548,968)  (7548,1016) 
Sea Zone 150  (5916,1051)  (5868,1098)  (5868,1050)  (5963,1099)  (5916,1003)  (5964,1003)  (5964,1051)  (5866,1002)  (5915,1146)  (5867,1146)  (5820,1098)  (5820,1050)  (6011,1099)  (6011,1147)  (5963,1147)  (5819,1147)  (5914,955)  (5962,955)  (6010,955)  (6012,1003)  (6012,1051)  (5818,1002)  (5818,954)  (5866,954) 
Iceland  (1866,314)  (1814,320)  (1917,306)
Sea Zone 152  (6493,1067)  (6445,1114)  (6445,1066)  (6540,1115)  (6493,1019)  (6541,1019)  (6541,1067)  (6443,1018)  (6492,1162)  (6444,1162)  (6588,1115)  (6588,1163)  (6540,1163)  (6491,971)  (6539,971)  (6587,971)  (6589,1019)  (6589,1067)  (6400,970)  (6635,925)  (6636,1115)  (6636,1163)  (6448,923)  (6496,923)  (6544,923)  (6637,973)  (6637,1021)  (6400,922) 
Sea Zone 151  (6197,1060)  (6149,1107)  (6149,1059)  (6244,1108)  (6197,1012)  (6245,1012)  (6245,1060)  (6147,1011)  (6196,1155)  (6148,1155)  (6101,1107)  (6101,1059)  (6292,1108)  (6292,1156)  (6244,1156)  (6100,1156)  (6195,964)  (6243,964)  (6291,964)  (6293,1012)  (6293,1060)  (6100,963)  (6339,920)  (6340,1108)  (6340,1156)  (6341,968)  (6341,1016) 
Gabon  (2593,1836)  (2545,1856)  (2624,1884)  (2641,1802)
Yugoslavia  (2701,832)  (2651,806)  (2750,839)
Brisbane  (5598,2465)  (5645,2513)  (5554,2417)  (5602,2417)  (5646,2465)  (5693,2513)  (5694,2446)
Sea Zone 158  (4304,1433)  (4256,1472)  (4256,1424)  (4304,1385)  (4352,1385)  (4352,1433)  (4208,1472)
Sea Zone 157  (3687,1402)  (3639,1449)  (3639,1401)  (3734,1450)  (3687,1354)  (3735,1354)  (3735,1402)  (3591,1472)  (3782,1450)  (3665,1306)  (3713,1306)  (3761,1306)  (3783,1354)  (3783,1402)  (3543,1472)  (3830,1450)  (3831,1354)  (3831,1402)  (3878,1450)  (3879,1381) 
Sea Zone 159  (4725,1392)  (4773,1447)  (4821,1428)  (4832,1364)  (4869,1412)  (4869,1460)  (4880,1349)  (4917,1397)  (4917,1445)  (4928,1335)  (4965,1383)  (4965,1431)  (4976,1309) 
Nuuk  (1206,306)  (1158,292)  (1253,354)  (1205,354)  (1206,258)  (1254,258)  (1254,306)  (1144,244)  (1302,287)  (1302,335)  (1096,275) 
Iwo Jima  (5501,1186) 
Algeria  (2313,1098)  (2265,1091)  (2360,1146)  (2312,1146)  (2361,1058)  (2264,1148)  (2408,1138)  (2408,1186)  (2360,1194)  (2312,1194)  (2216,1194)  (2409,1058)  (2264,1196)  (2448,1234)  (2400,1242)  (2352,1242)  (2216,1242)  (2168,1223)  (2304,1244)  (2428,1290)  (2380,1290)  (2332,1292)  (2284,1292) 
Ayan  (5431,439)  (5383,486)  (5383,438)  (5450,487)  (5479,401)  (5498,449)  (5372,534)  (5335,486)  (5335,438)  (5527,365)  (5546,413)  (5575,361) 
Midway  (6443,1197)  
Sea Zone 165  (6674,1351)  (6626,1398)  (6626,1350)  (6721,1399)  (6674,1303)  (6722,1303)  (6722,1351)  (6624,1302)  (6673,1446)  (6625,1446)  (6578,1398)  (6578,1350)  (6769,1399)  (6769,1447)  (6721,1447)  (6577,1447)  (6672,1255)  (6720,1255)  (6768,1255)  (6770,1303)  (6770,1351)  (6576,1302)  (6576,1254)  (6624,1254) 
Sea Zone 164  (6394,1328)  (6346,1375)  (6346,1327)  (6441,1376)  (6394,1280)  (6442,1280)  (6442,1328)  (6344,1279)  (6393,1423)  (6345,1423)  (6298,1375)  (6298,1327)  (6489,1376)  (6489,1424)  (6441,1424)  (6297,1424)  (6392,1232)  (6474,1232)  (6490,1280)  (6490,1328)  (6296,1279)  (6296,1231)  (6344,1231)  (6393,1471)  (6345,1471)  (6250,1376)  (6250,1328)  (6501,1472)  (6453,1472)  (6297,1472) 
Sea Zone 167  (7265,1340)  (7217,1387)  (7217,1339)  (7312,1388)  (7265,1292)  (7313,1292)  (7313,1340)  (7215,1291)  (7264,1435)  (7216,1435)  (7169,1387)  (7169,1339)  (7360,1388)  (7360,1436)  (7312,1436)  (7168,1436)  (7263,1244)  (7311,1244)  (7359,1244)  (7361,1292)  (7361,1340)  (7167,1291)  (7167,1243)  (7215,1243) 
Sea Zone 166  (6963,1358)  (6915,1405)  (6915,1357)  (7010,1406)  (6963,1310)  (7011,1310)  (7011,1358)  (6913,1309)  (6943,1453)  (6895,1453)  (6867,1405)  (6867,1357)  (7058,1406)  (7058,1454)  (6961,1262)  (7009,1262)  (7057,1262)  (7059,1310)  (7059,1358)  (6865,1309)  (6865,1261)  (6913,1261) 
Sea Zone 161  (5455,1370)  (5407,1417)  (5407,1369)  (5502,1418)  (5455,1322)  (5503,1322)  (5503,1370)  (5405,1321)  (5454,1465)  (5406,1465)  (5359,1417)  (5359,1369)  (5550,1418)  (5550,1466)  (5502,1466)  (5358,1466)  (5453,1274)  (5501,1274)  (5549,1274)  (5551,1322)  (5551,1370)  (5357,1321)  (5357,1273)  (5405,1273)  (5597,1228)  (5453,1226)  (5542,1226)  (5599,1276)  (5599,1324)  (5599,1372)  (5350,1225)  (5398,1225) 
Sea Zone 160  (5145,1358)  (5097,1405)  (5097,1357)  (5192,1406)  (5145,1310)  (5193,1310)  (5193,1358)  (5095,1309)  (5144,1453)  (5096,1453)  (5240,1406)  (5240,1454)  (5192,1454)  (5143,1262)  (5191,1262)  (5239,1262)  (5241,1310)  (5241,1358)  (5079,1261)  (5287,1220)  (5288,1406)  (5288,1454)  (5289,1268)  (5289,1316) 
Sea Zone 163  (5951,1221)  (5951,1269)  (5951,1317)  (5951,1365)  (5951,1413)  (5951,1461)  (5999,1221)  (5999,1269)  (5999,1317)  (5999,1365)  (5999,1413)  (5999,1461)  (6047,1221)  (6047,1269)  (6047,1317)  (6047,1392)  (6047,1440)  (6095,1221)  (6095,1269)  (6095,1317)  (6095,1395)  (6095,1443)  (6143,1221)  (6143,1269)  (6143,1317)  (6143,1365)  (6143,1413)  (6143,1461)  (6191,1221)  (6191,1269)  (6191,1317)  (6191,1365)  (6191,1413)  (6191,1461) 
Akmolinsk  (3870,694)  (3917,742)  (3869,742)  (3858,646)  (3906,646)  (3918,694)  (3821,769)  (3901,790)  (3862,598)  (3910,598) 
Sea Zone 162  (5770,1353)  (5722,1400)  (5722,1352)  (5817,1401)  (5770,1305)  (5818,1305)  (5818,1353)  (5720,1304)  (5769,1448)  (5721,1448)  (5674,1400)  (5674,1352)  (5865,1401)  (5865,1449)  (5817,1449)  (5673,1449)  (5768,1257)  (5816,1257)  (5864,1257)  (5866,1305)  (5866,1353)  (5672,1304)  (5672,1256)  (5720,1256) 
Vanuatu  (6072,2178) 
Sea Zone 169  (3499,1661)  (3451,1708)  (3451,1660)  (3546,1709)  (3499,1613)  (3547,1613)  (3547,1661)  (3498,1756)  (3450,1756)  (3594,1709)  (3594,1757)  (3546,1757)  (3402,1757)  (3460,1565)  (3508,1565)  (3556,1565)  (3595,1613)  (3595,1661)  (3604,1556)  (3642,1709)  (3642,1757)  (3354,1772)  (3643,1604)  (3643,1652)  (3652,1521) 
Sea Zone 168  (7723,1327)  (7675,1374)  (7675,1326)  (7770,1375)  (7723,1279)  (7771,1279)  (7771,1327)  (7673,1278)  (7722,1422)  (7674,1422)  (7627,1374)  (7627,1326)  (7818,1375)  (7818,1423)  (7770,1423)  (7626,1423)  (7721,1231)  (7769,1231)  (7817,1231)  (7819,1279)  (7819,1327)  (7625,1278)  (7625,1230)  (7673,1230)  (7722,1470)  (7674,1470)  (7579,1375)  (7579,1327)  (7866,1375)  (7866,1423)  (7866,1471)  (7818,1471)  (7770,1471)  (7626,1471)  (7578,1471)  (7578,1423)  (7721,1183)  (7769,1183)  (7817,1183)  (7867,1244)  (7867,1292)  (7577,1279)  (7577,1231)  (7601,1182)  (7649,1182)  (7531,1375)  (7531,1327)  (7914,1340)  (7914,1388)  (7914,1436)  (7530,1472)  (7530,1424) 
Texas  (27,1102)  (74,1150)  (26,1150)  (0,1054)  (75,1091)  (0,1006) 
Sea Zone 207  (4706,2252)  (4658,2299)  (4658,2251)  (4753,2300)  (4706,2204)  (4754,2204)  (4754,2252)  (4656,2203)  (4705,2347)  (4657,2347)  (4610,2299)  (4610,2251)  (4801,2300)  (4801,2348)  (4753,2348)  (4609,2348)  (4704,2156)  (4752,2156)  (4800,2156)  (4802,2204)  (4802,2252)  (4608,2203)  (4608,2155)  (4656,2155)  (4848,2120)  (4849,2300)  (4849,2348)  (4850,2168)  (4850,2216) 
Suiyuan  (4664,919)  (4711,871)  (4712,919)  (4760,925) 
Nauru  (6070,1792) 
Townsville  (5527,2327)  (5503,2279)  (5551,2279)  (5575,2327)  (5515,2231)  (5623,2362) 
W.Sinkiang  (4104,942)  (4056,965)  (4056,917)  (4104,894)  (4152,906)  (4152,954)  (4200,944) 
Sea Zone 170  (3816,1658)  (3768,1705)  (3768,1657)  (3863,1706)  (3816,1610)  (3864,1610)  (3864,1658)  (3766,1609)  (3815,1753)  (3767,1753)  (3720,1705)  (3720,1657)  (3911,1706)  (3911,1754)  (3863,1754)  (3719,1754)  (3814,1562)  (3862,1562)  (3910,1562)  (3912,1610)  (3912,1658)  (3718,1609)  (3718,1561)  (3766,1561) 
Sea Zone 176  (5501,1521)  (5501,1569)  (5501,1617)  (5501,1665)  (5501,1713)  (5501,1761)  (5549,1521)  (5549,1569)  (5549,1669)  (5549,1717)  (5549,1765)  (5597,1521)  (5597,1569)  (5597,1657)  (5597,1705)  (5597,1753)  (5645,1521)  (5645,1569)  (5645,1617)  (5645,1665)  (5645,1713)  (5645,1761)  (5693,1521)  (5693,1569)  (5693,1617)  (5693,1665)  (5693,1713)  (5693,1761)  (5741,1521)  (5741,1569)  (5741,1617)  (5741,1665)  (5741,1766) 
Juba  (2929,1622)  (2881,1616)  (2976,1670)  (2959,1574)  (2977,1622)  (2874,1568)  (3007,1565)  (3024,1671) 
Sea Zone 175  (5201,1521)  (5201,1569)  (5201,1617)  (5201,1665)  (5201,1713)  (5201,1761)  (5249,1521)  (5249,1569)  (5249,1617)  (5249,1665)  (5249,1713)  (5249,1761)  (5297,1521)  (5297,1569)  (5297,1617)  (5297,1665)  (5297,1713)  (5297,1761)  (5345,1521)  (5345,1569)  (5345,1617)  (5345,1708)  (5345,1756)  (5393,1521)  (5393,1569)  (5393,1617)  (5393,1665)  (5393,1713)  (5393,1761)  (5441,1521)  (5441,1569)  (5441,1617)  (5441,1665)  (5441,1713)  (5441,1761) 
Sea Zone 178  (6200,1656)  (6152,1703)  (6152,1655)  (6247,1704)  (6200,1608)  (6248,1608)  (6248,1656)  (6150,1607)  (6199,1751)  (6151,1751)  (6104,1703)  (6295,1704)  (6295,1752)  (6103,1752)  (6198,1560)  (6246,1560)  (6294,1560)  (6296,1608)  (6296,1656)  (6102,1593)  (6150,1559)  (6100,1545)  (6342,1520)  (6343,1704)  (6343,1752)  (6344,1568)  (6344,1616) 
Sea Zone 177  (5904,1649)  (5856,1696)  (5856,1648)  (5951,1697)  (5904,1601)  (5952,1601)  (5952,1649)  (5854,1600)  (5903,1744)  (5855,1744)  (5808,1696)  (5808,1648)  (5999,1697)  (5999,1745)  (5951,1745)  (5902,1553)  (5950,1553)  (5998,1553)  (6000,1601)  (6000,1649)  (5806,1600)  (5806,1552)  (5854,1552)  (5807,1762)  (6046,1520)  (6047,1697)  (6047,1745)  (6048,1568) 
Sea Zone 172  (4409,1636)  (4361,1683)  (4361,1635)  (4456,1684)  (4409,1588)  (4457,1588)  (4457,1636)  (4359,1587)  (4408,1731)  (4360,1731)  (4313,1683)  (4313,1635)  (4504,1684)  (4312,1732)  (4407,1540)  (4455,1540)  (4311,1587)  (4311,1539)  (4359,1539) 
Sea Zone 171  (4001,1653)  (4001,1701)  (4001,1749)  (4049,1667)  (4049,1715)  (4049,1763)  (4097,1717)  (4097,1765)  (4120,1577)  (4131,1521)  (4145,1713)  (4145,1761)  (4159,1625)  (4168,1569)  (4179,1521)  (4193,1673)  (4193,1721)  (4193,1769)  (4207,1617)  (4216,1569)  (4227,1521)  (4241,1665)  (4241,1713)  (4241,1761) 
Sea Zone 174  (4991,1654)  (4943,1662)  (4943,1614)  (5038,1702)  (4991,1606)  (5039,1606)  (5039,1654)  (4902,1566)  (5086,1702)  (5086,1750)  (5038,1750)  (4950,1558)  (4998,1558)  (5046,1558)  (5087,1606)  (5087,1654)  (4990,1771)  (5128,1554)  (5134,1702)  (5134,1750)  (5135,1602)  (5135,1650) 
Sea Zone 173  (4723,1676)  (4675,1723)  (4675,1675)  (4770,1724)  (4729,1628)  (4771,1676)  (4777,1622)  (4639,1627)  (4722,1771)  (4818,1724)  (4783,1772)  (4819,1670)  (4790,1574)  (4825,1622)  (4838,1561)  (4593,1579) 
Sea Zone 179  (6493,1658)  (6445,1705)  (6445,1657)  (6540,1706)  (6493,1610)  (6541,1610)  (6541,1658)  (6443,1609)  (6492,1753)  (6444,1753)  (6588,1706)  (6588,1754)  (6540,1754)  (6491,1562)  (6539,1562)  (6587,1562)  (6589,1610)  (6589,1658)  (6400,1561)  (6635,1520)  (6636,1706)  (6636,1754)  (6637,1568)  (6637,1616) 
Sea Zone 181  (7113,1664)  (7065,1711)  (7065,1663)  (7160,1712)  (7113,1616)  (7161,1616)  (7161,1664)  (7063,1615)  (7112,1759)  (7064,1759)  (7017,1711)  (7017,1663)  (7208,1712)  (7208,1760)  (7160,1760)  (7016,1760)  (7111,1568)  (7159,1568)  (7207,1568)  (7209,1616)  (7209,1664)  (7015,1615)  (7015,1567)  (7063,1567)  (7111,1520)  (7159,1520)  (7207,1520) 
Sea Zone 180  (6813,1654)  (6765,1701)  (6765,1653)  (6860,1702)  (6813,1606)  (6861,1606)  (6861,1654)  (6763,1605)  (6812,1749)  (6764,1749)  (6717,1701)  (6717,1653)  (6908,1702)  (6908,1750)  (6860,1750)  (6716,1750)  (6811,1558)  (6859,1558)  (6907,1558)  (6909,1606)  (6909,1654)  (6715,1605)  (6715,1557)  (6763,1557) 
Philippines  (5082,1558)  (5093,1607)  (5045,1509)  (5041,1447)  (5121,1657) 
Quebec  (605,682)  (557,729)  (557,681)  (645,730)  (605,634)  (653,634)  (653,682)  (555,633)  (597,777)  (509,708)  (701,601)  (701,649)  (749,601)  (749,649)  (754,761) 
Sea Zone 186  (3653,1946)  (3605,1993)  (3605,1945)  (3700,1994)  (3653,1898)  (3701,1898)  (3701,1946)  (3603,1897)  (3652,2041)  (3604,2041)  (3557,1993)  (3557,1945)  (3748,1994)  (3748,2042)  (3700,2042)  (3556,2042)  (3651,1850)  (3699,1850)  (3747,1850)  (3749,1898)  (3749,1946)  (3555,1897)  (3555,1849)  (3603,1849)  (3795,1820)  (3796,1994)  (3796,2042)  (3797,1868)  (3797,1916) 
Anhwei  (4722,1031)  (4770,1015)  (4770,1063)  (4818,1017) 
Sea Zone 189  (4535,1971)  (4487,2018)  (4487,1970)  (4582,2019)  (4535,1923)  (4583,1961)  (4485,1922)  (4534,2066)  (4486,2066)  (4630,2009)  (4630,2057)  (4582,2067)  (4450,1874)  (4498,1874)  (4664,1842)  (4678,2030)  (4450,1826) 
Norilsk  (4062,354)  (4014,401)  (4014,353)  (4109,402)  (4096,306)  (4110,354)  (4009,305)  (4144,272)  (3966,393)  (4157,402)  (4080,258)  (4158,320)  (4087,210) 
Sea Zone 188  (4254,1946)  (4206,1993)  (4206,1945)  (4301,1994)  (4254,1898)  (4302,1898)  (4302,1946)  (4204,1897)  (4253,2041)  (4205,2041)  (4158,1993)  (4158,1945)  (4349,1994)  (4349,2042)  (4301,2042)  (4157,2042)  (4252,1850)  (4300,1850)  (4348,1850)  (4350,1898)  (4350,1946)  (4156,1897)  (4156,1849)  (4204,1849)  (4396,1820)  (4397,1994)  (4397,2042)  (4398,1868)  (4398,1916) 
Sea Zone 183  (7702,1671)  (7654,1718)  (7654,1670)  (7749,1719)  (7702,1623)  (7750,1623)  (7750,1671)  (7652,1622)  (7701,1766)  (7653,1766)  (7606,1718)  (7606,1670)  (7797,1719)  (7797,1767)  (7749,1767)  (7605,1767)  (7700,1575)  (7748,1575)  (7796,1575)  (7798,1623)  (7798,1671)  (7604,1622)  (7604,1574)  (7652,1574)  (7844,1529)  (7845,1719)  (7845,1767)  (7700,1527)  (7748,1527)  (7796,1527)  (7846,1577)  (7846,1625)  (7600,1526)  (7648,1526) 
Sea Zone 182  (7413,1658)  (7365,1705)  (7365,1657)  (7460,1706)  (7413,1610)  (7461,1610)  (7461,1658)  (7363,1609)  (7412,1753)  (7364,1753)  (7317,1705)  (7317,1657)  (7508,1706)  (7508,1754)  (7460,1754)  (7316,1754)  (7411,1562)  (7459,1562)  (7507,1562)  (7509,1610)  (7509,1658)  (7315,1609)  (7315,1561)  (7363,1561) 
Sea Zone 185  (3331,1939)  (3283,1986)  (3283,1938)  (3378,1987)  (3331,1891)  (3379,1891)  (3379,1939)  (3281,1890)  (3330,2034)  (3282,2034)  (3235,1986)  (3235,1938)  (3426,1987)  (3426,2035)  (3378,2035)  (3234,2035)  (3329,1843)  (3377,1843)  (3425,1843)  (3427,1891)  (3427,1939)  (3233,1890)  (3270,1842)  (3473,1820)  (3474,1987)  (3474,2035)  (3475,1868)  (3475,1916) 
Sea Zone 184  (7984,1659)  (7936,1706)  (7936,1658)  (8031,1707)  (7984,1611)  (8032,1611)  (8032,1659)  (7934,1610)  (7983,1754)  (7935,1754)  (8079,1707)  (8079,1755)  (8031,1755)  (7982,1563)  (8030,1563)  (8078,1563)  (8080,1611)  (8080,1659)  (7900,1562)  (8126,1520)  (8127,1707)  (8127,1755)  (8128,1568)  (8128,1616) 
Anchorage  (7145,315)  (7097,362)  (7097,314)  (7192,363)  (7145,267)  (7193,267)  (7193,315)  (7095,266)  (7144,410)  (7096,410)  (7240,363)  (7240,411)  (7192,411)  (7241,239)  (7241,287)  (7338,458) 
Bihar  (4162,1213)  (4157,1261)  (4126,1165)  (4210,1202)  (4258,1217) 
Angola  (2652,2073)  (2699,2121)  (2651,2121)  (2621,2025)  (2669,2025)  (2700,2073)  (2603,2130)  (2717,2017)  (2747,2121)  (2747,2169)  (2699,2169)  (2651,2169)  (2615,1977)  (2748,2065) 
Sea Zone 110  (1921,1900)  (1873,1947)  (1873,1899)  (1968,1948)  (1921,1852)  (1969,1852)  (1969,1900)  (1871,1851)  (1825,1971)  (1825,1923)  (2016,1948)  (2017,1819)  (2017,1867)  (1823,1875)  (1823,1827) 
Sea Zone 232  (7271,2539)  (7223,2586)  (7223,2538)  (7318,2587)  (7271,2491)  (7319,2491)  (7319,2539)  (7221,2490)  (7270,2634)  (7222,2634)  (7175,2586)  (7175,2538)  (7366,2587)  (7366,2635)  (7318,2635)  (7174,2635)  (7269,2443)  (7317,2443)  (7365,2443)  (7367,2491)  (7367,2539)  (7173,2490)  (7173,2442)  (7221,2442) 
Sea Zone 233  (7558,2561)  (7510,2608)  (7510,2560)  (7605,2609)  (7558,2513)  (7606,2513)  (7606,2561)  (7508,2512)  (7557,2656)  (7509,2656)  (7462,2608)  (7462,2560)  (7653,2609)  (7653,2657)  (7605,2657)  (7461,2657)  (7556,2465)  (7604,2465)  (7652,2465)  (7654,2513)  (7654,2561)  (7460,2512)  (7460,2464)  (7508,2464)  (7700,2420)  (7701,2609)  (7701,2657)  (7702,2468)  (7702,2516) 
Sea Zone 112  (2439,1905)  (2486,1953)  (2438,1953)  (2400,1857)  (2448,1857)  (2487,1905)  (2534,1953) 
Sea Zone 230  (6656,2554)  (6608,2601)  (6608,2553)  (6703,2602)  (6656,2506)  (6704,2506)  (6704,2554)  (6606,2505)  (6655,2649)  (6607,2649)  (6560,2601)  (6560,2553)  (6751,2602)  (6751,2650)  (6703,2650)  (6559,2650)  (6654,2458)  (6702,2458)  (6750,2458)  (6752,2506)  (6752,2554)  (6558,2505)  (6558,2457)  (6606,2457)  (6798,2420)  (6799,2602)  (6799,2650)  (6800,2468)  (6800,2516) 
Sea Zone 111  (2198,1901)  (2150,1948)  (2150,1900)  (2245,1949)  (2198,1853)  (2246,1853)  (2246,1901)  (2148,1852)  (2102,1971)  (2102,1923)  (2293,1949)  (2294,1819)  (2294,1867)  (2100,1875)  (2100,1827)  (2341,1915)  (2341,1963)  (2342,1819)  (2342,1867) 
Sea Zone 231  (6991,2561)  (6943,2608)  (6943,2560)  (7038,2609)  (6991,2513)  (7039,2513)  (7039,2561)  (6941,2512)  (6990,2656)  (6942,2656)  (6895,2608)  (6895,2560)  (7086,2609)  (7086,2657)  (7038,2657)  (6894,2657)  (6989,2465)  (7037,2465)  (7085,2465)  (7087,2513)  (7087,2561)  (6893,2512)  (6893,2464)  (6941,2464) 
Utah  (8021,945)  (7973,988)  (7973,940)  (8069,920)  (8069,968)  (7925,988)  (7925,940)  (8117,920)  (8117,968) 
New Caledonia  (6002,2387) 
Sea Zone 118  (1618,2306)  (1570,2353)  (1570,2305)  (1665,2354)  (1618,2258)  (1666,2258)  (1666,2306)  (1568,2257)  (1522,2372)  (1522,2324)  (1713,2354)  (1714,2219)  (1714,2267)  (1520,2276)  (1520,2228) 
Sea Zone 117  (1307,2319)  (1259,2366)  (1259,2318)  (1354,2367)  (1307,2271)  (1355,2271)  (1355,2319)  (1211,2372)  (1211,2324)  (1402,2367)  (1304,2223)  (1352,2223)  (1400,2223)  (1403,2271)  (1403,2319)  (1448,2219)  (1163,2372)  (1163,2324)  (1450,2367)  (1451,2267)  (1451,2315) 
Sea Zone 238  (3798,2871)  (3750,2918)  (3750,2870)  (3845,2919)  (3798,2823)  (3846,2823)  (3846,2871)  (3748,2822)  (3797,2966)  (3749,2966)  (3702,2918)  (3702,2870)  (3893,2919)  (3893,2967)  (3845,2967)  (3701,2967)  (3796,2775)  (3844,2775)  (3892,2775)  (3894,2823)  (3894,2871)  (3700,2822)  (3700,2774)  (3748,2774)  (3940,2729)  (3941,2919)  (3941,2967)  (3796,2727)  (3844,2727)  (3892,2727)  (3942,2777)  (3942,2825)  (3700,2726)  (3748,2726) 
Chkalov  (5722,263)  (5674,309)  (5674,261)  (5769,311)  (5770,223)  (5671,213)  (5626,311)  (5626,263)  (5817,271)  (5818,219)  (5623,215)  (5578,289)  (5865,267) 
Sea Zone 119  (1933,2302)  (1885,2349)  (1885,2301)  (1980,2350)  (1933,2254)  (1981,2254)  (1981,2302)  (1883,2253)  (1837,2372)  (1837,2324)  (2028,2350)  (2029,2219)  (2029,2267)  (1835,2276)  (1835,2228) 
Sea Zone 239  (4082,2868)  (4034,2915)  (4034,2867)  (4129,2916)  (4082,2820)  (4130,2820)  (4130,2868)  (4032,2819)  (4081,2963)  (4033,2963)  (4177,2916)  (4177,2964)  (4129,2964)  (4080,2772)  (4128,2772)  (4176,2772)  (4178,2820)  (4178,2868)  (4000,2771)  (4224,2726)  (4225,2916)  (4225,2964)  (4048,2724)  (4096,2724)  (4144,2724)  (4226,2774)  (4226,2822)  (4000,2723) 
Sea Zone 114  (1755,2097)  (1707,2144)  (1707,2096)  (1802,2145)  (1755,2049)  (1803,2049)  (1803,2097)  (1705,2048)  (1659,2171)  (1659,2123)  (1850,2145)  (1851,2019)  (1851,2067)  (1657,2075)  (1657,2027)  (1898,2115)  (1898,2163)  (1899,2019)  (1899,2067) 
Sea Zone 236  (3169,2853)  (3121,2900)  (3121,2852)  (3216,2901)  (3169,2805)  (3217,2805)  (3217,2853)  (3119,2804)  (3168,2948)  (3120,2948)  (3264,2901)  (3264,2949)  (3216,2949)  (3167,2757)  (3215,2757)  (3263,2757)  (3265,2805)  (3265,2853)  (3100,2756)  (3311,2720)  (3312,2901)  (3312,2949)  (3313,2768)  (3313,2816) 
Sea Zone 113  (1458,2099)  (1410,2146)  (1410,2098)  (1505,2147)  (1458,2051)  (1506,2051)  (1506,2099)  (1408,2050)  (1362,2171)  (1362,2123)  (1553,2147)  (1554,2019)  (1554,2067)  (1360,2075)  (1601,2115)  (1601,2163)  (1602,2020) 
Sea Zone 237  (3532,2870)  (3484,2917)  (3484,2869)  (3579,2918)  (3532,2822)  (3580,2822)  (3580,2870)  (3482,2821)  (3531,2965)  (3483,2965)  (3436,2917)  (3436,2869)  (3627,2918)  (3627,2966)  (3579,2966)  (3435,2966)  (3530,2774)  (3578,2774)  (3626,2774)  (3628,2822)  (3628,2870)  (3434,2821)  (3434,2773)  (3482,2773)  (3530,2726)  (3578,2726)  (3626,2726)  (3400,2725)  (3448,2725) 
Sea Zone 116  (2420,2092)  (2372,2139)  (2372,2091)  (2467,2140)  (2420,2044)  (2468,2044)  (2468,2092)  (2370,2043)  (2324,2171)  (2324,2123)  (2515,2140)  (2516,2019)  (2516,2067)  (2322,2075)  (2322,2027)  (2276,2171)  (2276,2123)  (2564,2054)  (2274,2075)  (2274,2027) 
Sea Zone 234  (7949,2543)  (7901,2590)  (7901,2542)  (7996,2591)  (7949,2495)  (7997,2495)  (7997,2543)  (7899,2494)  (7948,2638)  (7900,2638)  (7853,2590)  (7853,2542)  (8044,2591)  (8044,2639)  (7996,2639)  (7852,2639)  (7947,2447)  (7995,2447)  (8043,2447)  (8045,2495)  (8045,2543)  (7851,2494)  (7851,2446)  (7899,2446)  (8091,2420)  (7805,2591)  (7805,2543)  (8092,2591)  (8092,2639)  (7804,2672)  (8093,2468)  (8093,2516)  (7803,2495)  (7803,2447)  (8139,2420)  (7757,2624)  (7757,2576)  (8140,2564)  (8140,2612)  (8140,2660)  (7756,2672)  (8141,2468)  (8141,2516)  (7755,2528)  (7755,2480)  (7755,2432) 
Sea Zone 115  (2071,2093)  (2023,2140)  (2023,2092)  (2118,2141)  (2071,2045)  (2119,2045)  (2119,2093)  (2021,2044)  (1975,2171)  (1975,2123)  (2166,2141)  (2167,2019)  (2167,2067)  (1973,2075)  (1973,2027) 
Sea Zone 235  (2942,2857)  (2894,2904)  (2894,2856)  (2989,2905)  (2942,2809)  (2990,2809)  (2990,2857)  (2892,2808)  (2941,2952)  (2893,2952)  (2846,2904)  (2846,2856)  (3037,2905)  (3037,2953)  (2989,2953)  (2845,2953)  (2940,2761)  (2988,2761)  (3036,2761)  (3038,2809)  (3038,2857)  (2844,2808)  (2844,2760)  (2892,2760) 
Guyana  (871,1716)  (854,1668)  (919,1712)  (967,1714) 
Iraq  (3286,1112)  (3283,1062)  (3233,1085)  (3261,1014)  (3335,1145)
Arizona  (8021,1057)  (7973,1101)  (7973,1053)  (8069,1036)  (8069,1084)  (7925,1081)  (8117,1036)  (8117,1084)  (8124,1132) 
Borneo  (4842,1828)  (4794,1841)  (4889,1876)  (4887,1780)  (4890,1828) 
Sea Zone 121  (2471,2310)  (2423,2357)  (2423,2309)  (2518,2358)  (2471,2262)  (2519,2262)  (2519,2310)  (2421,2261)  (2566,2358)  (2567,2302) 
Sea Zone 243  (5320,2869)  (5272,2916)  (5272,2868)  (5367,2917)  (5320,2821)  (5368,2821)  (5368,2869)  (5270,2820)  (5319,2964)  (5271,2964)  (5224,2916)  (5224,2868)  (5415,2917)  (5415,2965)  (5367,2965)  (5223,2965)  (5318,2773)  (5366,2773)  (5414,2773)  (5416,2821)  (5416,2869)  (5222,2820)  (5222,2772)  (5270,2772)  (5318,2725)  (5366,2725)  (5414,2725)  (5200,2724)  (5248,2724) 
Sea Zone 120  (2217,2285)  (2169,2332)  (2169,2284)  (2264,2333)  (2217,2237)  (2265,2237)  (2265,2285)  (2167,2236)  (2121,2372)  (2121,2324)  (2312,2333)  (2313,2219)  (2313,2267)  (2119,2276)  (2119,2228) 
Sea Zone 244  (5501,2722)  (5501,2770)  (5501,2818)  (5501,2866)  (5501,2914)  (5501,2962)  (5549,2812)  (5549,2860)  (5549,2908)  (5549,2956)  (5597,2820)  (5597,2868)  (5597,2916)  (5597,2964)  (5645,2798)  (5645,2846)  (5645,2894)  (5645,2942)  (5651,2720)  (5693,2768)  (5693,2816)  (5693,2864)  (5693,2912)  (5693,2960)  (5699,2720)  (5741,2768)  (5741,2816)  (5741,2864)  (5741,2912)  (5741,2960)  (5747,2720) 
Sea Zone 123  (1255,2552)  (1207,2599)  (1207,2551)  (1302,2600)  (1255,2504)  (1303,2504)  (1303,2552)  (1205,2503)  (1254,2647)  (1206,2647)  (1159,2599)  (1159,2551)  (1350,2600)  (1350,2648)  (1302,2648)  (1158,2648)  (1253,2456)  (1301,2456)  (1349,2456)  (1351,2504)  (1351,2552)  (1157,2503)  (1157,2455)  (1205,2455)  (1397,2420)  (1398,2600)  (1398,2648)  (1399,2468)  (1399,2516) 
Sea Zone 241  (4687,2870)  (4639,2917)  (4639,2869)  (4734,2918)  (4687,2822)  (4735,2822)  (4735,2870)  (4637,2821)  (4686,2965)  (4638,2965)  (4782,2918)  (4782,2966)  (4734,2966)  (4685,2774)  (4733,2774)  (4781,2774)  (4783,2822)  (4783,2870)  (4600,2773)  (4829,2728)  (4830,2918)  (4830,2966)  (4648,2726)  (4696,2726)  (4744,2726)  (4831,2776)  (4831,2824)  (4600,2725) 
Sea Zone 122  (981,2588)  (933,2635)  (1028,2636)  (1010,2540)  (1029,2588)  (1058,2511)  (885,2672)  (1076,2636)  (1077,2559)  (1083,2463)  (837,2672) 
Sea Zone 242  (4982,2870)  (4934,2917)  (4934,2869)  (5029,2918)  (4982,2822)  (5030,2822)  (5030,2870)  (4932,2821)  (4981,2965)  (4933,2965)  (5077,2918)  (5077,2966)  (5029,2966)  (4980,2774)  (5028,2774)  (5076,2774)  (5078,2822)  (5078,2870)  (4900,2773)  (5124,2728)  (5125,2918)  (5125,2966)  (4948,2726)  (4996,2726)  (5044,2726)  (5126,2776)  (5126,2824)  (4900,2725) 
Abadan  (3399,1091)  (3351,1060)  (3447,1084)  (3456,1132)  (3504,1140) 
Sea Zone 240  (4441,2863)  (4393,2910)  (4393,2862)  (4488,2911)  (4441,2815)  (4489,2815)  (4489,2863)  (4391,2814)  (4440,2958)  (4392,2958)  (4345,2910)  (4345,2862)  (4536,2911)  (4536,2959)  (4488,2959)  (4344,2959)  (4439,2767)  (4487,2767)  (4535,2767)  (4537,2815)  (4537,2863)  (4343,2814)  (4343,2766)  (4391,2766) 
Sea Zone 129  (797,2827)  (749,2874)  (749,2826)  (844,2875)  (797,2779)  (845,2779)  (845,2827)  (796,2922)  (892,2875)  (892,2923)  (844,2923)  (782,2731)  (830,2731)  (878,2731)  (893,2779)  (893,2827)  (926,2720)  (748,2959)  (796,2970)  (940,2916)  (940,2964)  (892,2971)  (844,2971)  (941,2768)  (941,2816) 
Sea Zone 128  (2747,2628)  (2699,2672)  (2699,2624)  (2795,2605)  (2795,2653)  (2669,2576)  (2651,2672)  (2651,2624)  (2843,2601)  (2843,2649)  (2650,2528)  (2891,2591)  (2891,2639) 
Sea Zone 249  (7108,2866)  (7060,2913)  (7060,2865)  (7155,2914)  (7108,2818)  (7156,2818)  (7156,2866)  (7058,2817)  (7107,2961)  (7059,2961)  (7012,2913)  (7012,2865)  (7203,2914)  (7203,2962)  (7155,2962)  (7011,2962)  (7106,2770)  (7154,2770)  (7202,2770)  (7204,2818)  (7204,2866)  (7010,2817)  (7010,2769)  (7058,2769)  (7250,2724)  (7251,2914)  (7251,2962)  (7106,2722)  (7154,2722)  (7202,2722)  (7252,2772)  (7252,2820)  (7000,2721)  (7048,2721) 
Turkey  (3026,922)  (2978,965)  (3036,970)  (3074,916)  (3084,964)  (2930,966)  (3132,924)  (3180,924)  (3228,917) 
Sea Zone 125  (1868,2554)  (1820,2601)  (1820,2553)  (1915,2602)  (1868,2506)  (1916,2506)  (1916,2554)  (1818,2505)  (1867,2649)  (1819,2649)  (1772,2601)  (1772,2553)  (1963,2602)  (1963,2650)  (1915,2650)  (1771,2650)  (1866,2458)  (1914,2458)  (1962,2458)  (1964,2506)  (1964,2554)  (1770,2505)  (1770,2457)  (1818,2457) 
Sea Zone 247  (6534,2838)  (6486,2885)  (6486,2837)  (6581,2886)  (6534,2790)  (6582,2790)  (6582,2838)  (6484,2789)  (6533,2933)  (6485,2933)  (6438,2885)  (6438,2837)  (6629,2886)  (6629,2934)  (6581,2934)  (6437,2934)  (6532,2742)  (6580,2742)  (6628,2742)  (6630,2790)  (6630,2838)  (6436,2789)  (6436,2741)  (6484,2741) 
Sea Zone 124  (1566,2558)  (1518,2605)  (1518,2557)  (1613,2606)  (1566,2510)  (1614,2510)  (1614,2558)  (1516,2509)  (1565,2653)  (1517,2653)  (1470,2605)  (1470,2557)  (1661,2606)  (1661,2654)  (1613,2654)  (1469,2654)  (1564,2462)  (1612,2462)  (1660,2462)  (1662,2510)  (1662,2558)  (1468,2509)  (1468,2461)  (1516,2461) 
Sea Zone 248  (6804,2846)  (6756,2893)  (6756,2845)  (6851,2894)  (6804,2798)  (6852,2798)  (6852,2846)  (6754,2797)  (6803,2941)  (6755,2941)  (6708,2893)  (6708,2845)  (6899,2894)  (6899,2942)  (6851,2942)  (6707,2942)  (6802,2750)  (6850,2750)  (6898,2750)  (6900,2798)  (6900,2846)  (6706,2797)  (6706,2749)  (6754,2749)  (6946,2720)  (6947,2894)  (6947,2942)  (6948,2768)  (6948,2816) 
Sea Zone 127  (2442,2558)  (2394,2605)  (2394,2557)  (2489,2606)  (2442,2510)  (2490,2510)  (2490,2558)  (2392,2509)  (2441,2653)  (2393,2653)  (2537,2606)  (2537,2654)  (2489,2654)  (2440,2462)  (2488,2462)  (2536,2462)  (2538,2510)  (2538,2558)  (2350,2461)  (2584,2420)  (2585,2606)  (2585,2654)  (2586,2468)  (2586,2516) 
Sea Zone 245  (5881,2845)  (5833,2892)  (5833,2844)  (5928,2893)  (5881,2797)  (5929,2797)  (5929,2845)  (5831,2796)  (5880,2940)  (5832,2940)  (5976,2893)  (5976,2941)  (5928,2941)  (5879,2749)  (5927,2749)  (5975,2749)  (5977,2797)  (5977,2845)  (5800,2748)  (6023,2720)  (6024,2910)  (6024,2958)  (6025,2768) 
Sea Zone 126  (2181,2552)  (2133,2599)  (2133,2551)  (2228,2600)  (2181,2504)  (2229,2504)  (2229,2552)  (2131,2503)  (2180,2647)  (2132,2647)  (2085,2599)  (2085,2551)  (2276,2600)  (2276,2648)  (2228,2648)  (2084,2648)  (2179,2456)  (2227,2456)  (2275,2456)  (2277,2504)  (2277,2552)  (2083,2503)  (2083,2455)  (2131,2455) 
Sea Zone 246  (6231,2854)  (6183,2901)  (6278,2902)  (6214,2806)  (6262,2806)  (6279,2854)  (6310,2775)  (6230,2949)  (6182,2949)  (6135,2901)  (6326,2902)  (6326,2950)  (6278,2950)  (6134,2950)  (6327,2823)  (6117,2742)  (6307,2727) 
South Africa  (2820,2488)  (2772,2535)  (2772,2487)  (2867,2536)  (2820,2440)  (2868,2440)  (2868,2488)  (2770,2439)  (2724,2536)  (2891,2392)  (2916,2440)  (2916,2488)  (2939,2369)  (2964,2417) 
Temuco  (602,2584) 
Peru  (536,2023)  (563,2071)  (510,1975)  (611,2054)  (611,2102)  (499,1927)  (547,1915) 
Shensi  (4518,1026)  (4536,1074)  (4516,978)  (4564,978)  (4566,1026)  (4533,1122)  (4614,1018) 
Tangier  (2156,1055) 
Vancouver  (7656,591)  (7608,638)  (7608,590)  (7703,639)  (7656,543)  (7704,543)  (7704,591)  (7606,542)  (7751,639)  (7752,505)  (7752,553)  (7558,578)  (7558,530) 
Kwangtung  (4758,1278)  (4710,1283)  (4806,1260)  (4806,1308) 
Gorky  (3259,498)  (3311,495)  (3269,548)  (3319,556)  (3265,444)  (3323,444) 
Hong Kong  (4849,1291) 
Regina  (8058,606)  (8010,653)  (8010,605)  (8105,654)  (8058,558)  (8106,558)  (8106,606)  (8008,557)  (8056,510)  (8104,510)  (8000,509) 
Chad  (2713,1463)  (2665,1499)  (2760,1511)  (2677,1415)  (2725,1415)  (2761,1463)  (2773,1403)  (2712,1547)  (2685,1367)  (2692,1595) 
Sea Zone 254  (304,1703)  (256,1750)  (256,1702)  (351,1751)  (304,1655)  (352,1658)  (254,1654)  (208,1772)  (208,1724)  (399,1706)  (399,1754)  (206,1676)  (206,1628)  (254,1606)  (190,1580)  (447,1684)  (447,1732)  (238,1558) 
Sea Zone 132  (1689,2847)  (1641,2894)  (1641,2846)  (1736,2895)  (1689,2799)  (1737,2799)  (1737,2847)  (1639,2798)  (1688,2942)  (1640,2942)  (1784,2895)  (1784,2943)  (1736,2943)  (1687,2751)  (1735,2751)  (1783,2751)  (1785,2799)  (1785,2847)  (1600,2750)  (1831,2720)  (1832,2895)  (1832,2943)  (1833,2768)  (1833,2816) 
Sea Zone 131  (1417,2848)  (1369,2895)  (1369,2847)  (1464,2896)  (1417,2800)  (1465,2800)  (1465,2848)  (1367,2799)  (1416,2943)  (1368,2943)  (1321,2895)  (1321,2847)  (1512,2896)  (1512,2944)  (1464,2944)  (1320,2944)  (1415,2752)  (1463,2752)  (1511,2752)  (1513,2800)  (1513,2848)  (1319,2799)  (1319,2751)  (1367,2751) 
Sea Zone 255  (72,1941)  (24,1988)  (24,1940)  (119,1989)  (72,1893)  (120,1893)  (120,1941)  (22,1892)  (71,2036)  (23,2036)  (167,1989)  (167,2037)  (119,2037)  (70,1845)  (118,1845)  (166,1845)  (168,1893)  (168,1941)  (0,1844) 
Sea Zone 134  (2306,2850)  (2258,2897)  (2258,2849)  (2353,2898)  (2306,2802)  (2354,2802)  (2354,2850)  (2256,2801)  (2305,2945)  (2257,2945)  (2210,2897)  (2210,2849)  (2401,2898)  (2401,2946)  (2353,2946)  (2209,2946)  (2304,2754)  (2352,2754)  (2400,2754)  (2402,2802)  (2402,2850)  (2208,2801)  (2208,2753)  (2256,2753)  (2448,2720)  (2449,2898)  (2449,2946)  (2450,2768)  (2450,2816) 
Sea Zone 252  (8023,2867)  (7975,2914)  (7975,2866)  (8070,2915)  (8023,2819)  (8071,2819)  (8071,2867)  (7973,2818)  (8022,2962)  (7974,2962)  (7927,2914)  (7927,2866)  (8118,2915)  (8118,2963)  (8070,2963)  (7926,2963)  (8021,2771)  (8069,2771)  (8117,2771)  (8119,2819)  (8119,2867)  (7925,2818)  (7925,2770)  (7973,2770)  (8021,2723)  (8069,2723)  (8117,2723)  (7900,2722)  (7948,2722) 
Sea Zone 253  (35,1634)  (82,1682)  (34,1682)  (0,1586)  (48,1586)  (83,1634)  (96,1573)  (130,1682)  (130,1730)  (82,1730)  (34,1730)  (0,1538)  (48,1538)  (131,1621)  (96,1525)  (0,1490) 
Sea Zone 133  (2003,2850)  (1955,2897)  (1955,2849)  (2050,2898)  (2003,2802)  (2051,2802)  (2051,2850)  (1953,2801)  (2002,2945)  (1954,2945)  (1907,2897)  (1907,2849)  (2098,2898)  (2098,2946)  (2050,2946)  (1906,2946)  (2001,2754)  (2049,2754)  (2097,2754)  (2099,2802)  (2099,2850)  (1905,2801)  (1905,2753)  (1953,2753)  (2145,2720)  (2146,2898)  (2146,2946)  (2147,2768)  (2147,2816) 
Thailand  (4567,1472)  (4550,1424)  (4615,1463)  (4565,1376) 
Sea Zone 250  (7433,2856)  (7385,2903)  (7385,2855)  (7480,2904)  (7433,2808)  (7481,2808)  (7481,2856)  (7383,2807)  (7432,2951)  (7384,2951)  (7337,2903)  (7337,2855)  (7528,2904)  (7528,2952)  (7480,2952)  (7336,2952)  (7431,2760)  (7479,2760)  (7527,2760)  (7529,2808)  (7529,2856)  (7335,2807)  (7335,2759)  (7383,2759) 
Arkhangelsk  (3189,372)  (3239,356)  (3137,363)  (3133,416)  (3189,427)
Sea Zone 251  (7710,2854)  (7662,2901)  (7662,2853)  (7757,2902)  (7710,2806)  (7758,2806)  (7758,2854)  (7660,2805)  (7709,2949)  (7661,2949)  (7614,2901)  (7614,2853)  (7805,2902)  (7805,2950)  (7757,2950)  (7613,2950)  (7708,2758)  (7756,2758)  (7804,2758)  (7806,2806)  (7806,2854)  (7612,2805)  (7612,2757)  (7660,2757)  (7852,2721) 
Sea Zone 130  (1103,2839)  (1055,2886)  (1055,2838)  (1150,2887)  (1103,2791)  (1151,2791)  (1151,2839)  (1053,2790)  (1102,2934)  (1054,2934)  (1198,2887)  (1198,2935)  (1150,2935)  (1006,2935)  (1101,2743)  (1149,2743)  (1197,2743)  (1199,2791)  (1199,2839)  (1005,2828)  (1005,2780)  (1053,2742)  (1000,2732)  (1245,2720)  (1246,2887)  (1246,2935)  (1247,2768)  (1247,2816) 
Sea Zone 139  (6969,554)  (6921,572)  (7007,506)  (7017,554)  (7055,504)  (7065,552)  (7103,488)  (7113,536)  (6820,519)  (7151,480)  (7161,528)  (6772,538)  (6734,490)  (7209,486)  (7209,534)  (6724,558)  (6710,385)  (7257,494)  (7257,542)  (7305,511)  (7305,559)  (7353,527)  (7401,533) 
Sea Zone 258  (536,2268)  (488,2315)  (488,2267)  (583,2316)  (536,2220)  (584,2220)  (584,2268)  (486,2219)  (535,2363)  (487,2363)  (440,2315)  (440,2267)  (610,2364)  (439,2364)  (534,2172)  (582,2172)  (438,2219)  (438,2171)  (486,2171)  (400,2123)  (448,2123)  (496,2123) 
Sea Zone 136  (5657,544)  (5609,572)  (5609,524)  (5705,499)  (5705,547)  (5561,572)  (5561,524)  (5753,503)  (5753,551)  (5513,572)  (5513,524)  (5801,493)  (5465,572)  (5849,471) 
Sea Zone 135  (2602,2866)  (2554,2913)  (2554,2865)  (2649,2914)  (2602,2818)  (2650,2818)  (2650,2866)  (2552,2817)  (2601,2961)  (2553,2961)  (2506,2913)  (2506,2865)  (2697,2914)  (2697,2962)  (2649,2962)  (2505,2962)  (2600,2770)  (2648,2770)  (2696,2770)  (2698,2818)  (2698,2866)  (2504,2817)  (2504,2769)  (2552,2769)  (2744,2724)  (2745,2914)  (2745,2962)  (2600,2722)  (2648,2722)  (2696,2722)  (2746,2772)  (2746,2820)  (2500,2721)  (2548,2721) 
Sea Zone 259  (96,2545)  (48,2592)  (48,2544)  (143,2593)  (96,2497)  (144,2497)  (144,2545)  (46,2496)  (95,2640)  (47,2640)  (0,2592)  (0,2544)  (191,2593)  (191,2641)  (143,2641)  (94,2449)  (142,2449)  (190,2449)  (192,2497)  (192,2545)  (0,2448) 
Sea Zone 256  (314,1957)  (266,2004)  (266,1956)  (361,2005)  (314,1909)  (362,1909)  (362,1957)  (264,1908)  (313,2052)  (265,2052)  (409,2005)  (409,2053)  (361,2053)  (312,1861)  (360,1861)  (408,1861)  (410,1957)  (250,1860)  (457,2013)  (457,2061) 
Sea Zone 138  (6508,499)  (6460,546)  (6460,498)  (6555,547)  (6508,451)  (6556,451)  (6556,499)  (6458,450)  (6412,572)  (6412,524)  (6603,547)  (6506,403)  (6554,403)  (6602,403)  (6604,451)  (6604,499)  (6410,476)  (6410,428)  (6458,402)  (6400,380)  (6650,361)  (6651,547)  (6652,409)  (6652,457) 
Sea Zone 257  (136,2256)  (88,2303)  (88,2255)  (183,2304)  (136,2208)  (184,2208)  (184,2256)  (86,2207)  (135,2351)  (87,2351)  (40,2303)  (40,2255)  (231,2304)  (231,2352)  (183,2352)  (39,2352)  (134,2160)  (182,2160)  (230,2160)  (232,2208)  (232,2256)  (38,2207)  (38,2159)  (86,2159)  (278,2120)  (279,2304)  (279,2352)  (280,2168)  (280,2216)  (326,2120)  (327,2264)  (327,2312)  (327,2360)  (328,2168)  (328,2216) 
Sea Zone 137  (6144,527)  (6096,572)  (6096,524)  (6153,479)  (6192,527)  (6201,470)  (6048,572)  (6048,524)  (6240,518)  (6240,566)  (6249,444)  (6288,492)  (6288,540)  (6297,432)  (6336,480)  (6336,528)  (6345,429) 
Uruguay  (925,2477) 
Bulgaria-Greece  (2799,887)  (2750,906)  (2785,957)  (2850,877) 
Sea Zone 143  (6369,756)  (6321,803)  (6321,755)  (6416,804)  (6369,708)  (6417,708)  (6417,756)  (6319,707)  (6368,851)  (6320,851)  (6273,803)  (6273,755)  (6464,804)  (6464,852)  (6416,852)  (6272,852)  (6367,660)  (6415,660)  (6463,660)  (6465,708)  (6465,756)  (6271,707)  (6271,659)  (6319,659) 
Sea Zone 142  (6044,761)  (5996,808)  (5996,760)  (6091,809)  (6044,713)  (6092,713)  (6092,761)  (5994,712)  (6043,856)  (5995,856)  (6139,809)  (6139,857)  (6091,857)  (6042,665)  (6090,665)  (6138,665)  (6140,713)  (6140,761)  (5950,664)  (6186,620)  (6187,809)  (6187,857)  (6188,668)  (6188,716) 
Sea Zone 145  (6960,762)  (6912,809)  (6912,761)  (7007,810)  (6960,714)  (7008,714)  (7008,762)  (6910,713)  (6959,857)  (6911,857)  (6864,809)  (6864,761)  (7055,810)  (7055,858)  (7007,858)  (6863,858)  (6958,666)  (7006,666)  (7054,666)  (7056,714)  (7056,762)  (6862,713)  (6862,665)  (6910,665)  (7102,621) 
Sea Zone 144  (6655,771)  (6607,818)  (6607,770)  (6702,819)  (6655,723)  (6703,723)  (6703,771)  (6605,722)  (6654,866)  (6606,866)  (6559,818)  (6559,770)  (6750,819)  (6750,867)  (6702,867)  (6558,867)  (6653,675)  (6701,675)  (6749,675)  (6751,723)  (6751,771)  (6557,722)  (6557,674)  (6605,674)  (6797,629)  (6798,819)  (6798,867)  (6653,627)  (6701,627)  (6749,627)  (6799,677)  (6799,725)  (6550,626)  (6598,626) 
Roraima  (745,1826)  (697,1840)  (789,1778)  (793,1826)  (820,1874) 
Sea Zone 261  (147,2860)  (99,2907)  (99,2859)  (194,2908)  (147,2812)  (195,2812)  (195,2860)  (97,2811)  (146,2955)  (98,2955)  (51,2907)  (51,2859)  (242,2908)  (242,2956)  (194,2956)  (50,2956)  (145,2764)  (193,2764)  (241,2764)  (243,2812)  (243,2860)  (49,2811)  (49,2763)  (97,2763)  (289,2720)  (3,2908)  (3,2860)  (290,2908)  (290,2956)  (2,2972)  (291,2768)  (291,2816)  (1,2812)  (1,2764)  (337,2720)  (338,2864)  (338,2912)  (338,2960)  (339,2768)  (339,2816) 
Kuybyshev  (3428,525)  (3380,572)  (3475,573)  (3387,477)  (3435,477)  (3476,525)  (3483,470) 
Sea Zone 262  (450,2868)  (402,2915)  (402,2867)  (497,2916)  (450,2820)  (498,2820)  (498,2868)  (400,2819)  (449,2963)  (401,2963)  (545,2916)  (545,2964)  (497,2964)  (448,2772)  (496,2772)  (400,2771)  (593,2943)  (448,2724)  (496,2724)  (400,2723)  (641,2966) 
Gobi  (4728,733)  (4743,781)  (4695,685)  (4743,685)  (4776,733)  (4824,734) 
Sea Zone 141  (5767,778)  (5719,825)  (5719,777)  (5814,826)  (5767,730)  (5815,730)  (5815,778)  (5717,729)  (5671,872)  (5671,824)  (5862,826)  (5765,682)  (5813,682)  (5863,691)  (5863,739)  (5669,776)  (5669,728)  (5717,681)  (5668,680)  (5765,634)  (5716,633)  (5650,632) 
Sea Zone 140  (5347,872)  (5395,827)  (5434,779)  (5443,827)  (5467,731)  (5475,683)  (5482,779)  (5491,827)  (5539,803)  (5539,851)  (5558,734)  (5564,621)  (5581,669)  (5587,782)  (5587,830) 
Sea Zone 260  (406,2555)  (358,2602)  (358,2554)  (453,2603)  (406,2507)  (454,2507)  (454,2555)  (356,2506)  (405,2650)  (357,2650)  (310,2602)  (310,2554)  (501,2603)  (501,2651)  (453,2651)  (309,2651)  (404,2459)  (452,2459)  (500,2459)  (502,2507)  (502,2555)  (308,2506)  (308,2458)  (356,2458)  (548,2420)  (262,2603)  (262,2555)  (549,2603)  (549,2651)  (261,2672)  (550,2468)  (550,2516)  (260,2507)  (260,2459)  (596,2420)  (598,2468) 
Venezuela  (731,1657)  (683,1650)  (708,1705)  (779,1624)  (779,1672)  (717,1753) 
Liberia  (2065,1666) 
Sea Zone 146  (7263,761)  (7215,808)  (7215,760)  (7310,809)  (7263,713)  (7311,713)  (7311,761)  (7213,712)  (7262,856)  (7214,856)  (7167,808)  (7167,760)  (7358,809)  (7358,857)  (7310,857)  (7166,857)  (7261,665)  (7309,665)  (7357,665)  (7359,713)  (7359,761)  (7165,712)  (7165,664)  (7213,664) 
Sea Zone 149  (5613,1057)  (5565,1104)  (5565,1056)  (5660,1105)  (5613,1009)  (5661,1009)  (5661,1057)  (5563,1008)  (5612,1152)  (5564,1152)  (5517,1104)  (5517,1056)  (5708,1105)  (5708,1153)  (5660,1153)  (5516,1153)  (5611,961)  (5659,961)  (5707,961)  (5709,1009)  (5709,1057)  (5515,1008)  (5536,960) 
Sea Zone 148  (5311,1149)  (5263,1172)  (5263,1124)  (5311,1101)  (5359,1101)  (5359,1149)  (5233,1076)  (5215,1172)  (5215,1124)  (5407,1077)  (5407,1125)  (5185,1076)  (5251,1015)  (5167,1143)  (5299,994)  (5347,990)  (5137,1095)  (5249,967)  (5127,1047)  (5125,999)  (5119,1172)  (5395,950)  (5297,946)  (5345,942)  (5089,1124)  (5079,1076)  (5077,1028) 
Frunze  (3908,892)  (3860,938)  (3939,844)  (3987,856) 
Brasilia  (950,2140)  (902,2187)  (902,2139)  (997,2188)  (950,2092)  (998,2092)  (998,2140)  (900,2091)  (1046,2057)  (1046,2105)  (852,2110)  (893,2043) 
Harbin  (5128,768)  (5175,816)  (5101,720)  (5176,724) 
Vladivostok  (5329,713)  (5281,760)  (5281,712)  (5366,761)  (5329,665)  (5377,665)  (5377,713)  (5318,808)  (5337,617)  (5425,632) 
Celebes  (4994,1885) 
South West Africa  (2661,2312)  (2708,2360)  (2660,2360)  (2620,2264)  (2668,2264)  (2709,2312)  (2716,2257)  (2718,2408)  (2670,2408) 
Hungary  (2709,720)  (2757,717) 
Tasmania  (5570,2756) 
Ceylon  (4100,1656) 
Sea Zone 200  (7535,1960)  (7487,2007)  (7487,1959)  (7582,2008)  (7535,1912)  (7583,1912)  (7583,1960)  (7485,1911)  (7534,2055)  (7486,2055)  (7630,2008)  (7630,2056)  (7582,2056)  (7533,1864)  (7581,1864)  (7629,1864)  (7631,1912)  (7631,1960)  (7450,1863)  (7677,1820)  (7678,2008)  (7678,2056)  (7679,1868)  (7679,1916) 
Kwangsi  (4921,1225)  (4969,1194) 
Ecuador Guinea  (2520,1772) 
Kullorsuaq  (912,2)  (864,29)  (960,0)  (816,28)  (1008,0)  (1056,0)  (1104,0) 
E.Tibet  (4363,1133)  (4315,1166)  (4411,1122)  (4459,1123) 
New Zealand  (6156,2793)  (6227,2712)  (6107,2830)  (6059,2865) 
Sea Zone 208  (5001,2226)  (4953,2273)  (4953,2225)  (5048,2274)  (5001,2178)  (5049,2178)  (5049,2226)  (4951,2177)  (4930,2321)  (4905,2273)  (4905,2225)  (4999,2130)  (5047,2130)  (5095,2130)  (5097,2178)  (4903,2177)  (4903,2129)  (4951,2129)  (5143,2120)  (4901,2369)  (5145,2168) 
Sea Zone 205  (4121,2255)  (4073,2302)  (4073,2254)  (4168,2303)  (4121,2207)  (4169,2207)  (4169,2255)  (4071,2206)  (4120,2350)  (4072,2350)  (4025,2302)  (4025,2254)  (4216,2303)  (4216,2351)  (4168,2351)  (4024,2351)  (4119,2159)  (4167,2159)  (4215,2159)  (4217,2207)  (4217,2255)  (4023,2206)  (4023,2158)  (4071,2158) 
Sea Zone 206  (4403,2238)  (4355,2285)  (4355,2237)  (4450,2286)  (4403,2190)  (4451,2190)  (4451,2238)  (4353,2189)  (4402,2333)  (4354,2333)  (4307,2285)  (4307,2237)  (4498,2286)  (4498,2334)  (4450,2334)  (4306,2334)  (4401,2142)  (4449,2142)  (4497,2142)  (4499,2190)  (4499,2238)  (4305,2189)  (4305,2141)  (4353,2141)  (4545,2120)  (4546,2286)  (4546,2334)  (4547,2168)  (4547,2216) 
Sea Zone 203  (3503,2270)  (3455,2317)  (3455,2269)  (3550,2318)  (3503,2222)  (3551,2222)  (3551,2270)  (3453,2221)  (3502,2365)  (3454,2365)  (3407,2317)  (3598,2318)  (3598,2366)  (3550,2366)  (3406,2366)  (3501,2174)  (3549,2174)  (3597,2174)  (3599,2222)  (3599,2270)  (3444,2173)  (3645,2128)  (3646,2318)  (3646,2366)  (3492,2126)  (3540,2126)  (3588,2126)  (3647,2176)  (3647,2224)  (3437,2125) 
Senegal  (2002,1563)  (2046,1611)  (1962,1515)  (1959,1467) 
Sea Zone 204  (3814,2229)  (3766,2276)  (3766,2228)  (3861,2277)  (3814,2181)  (3862,2181)  (3862,2229)  (3764,2180)  (3813,2324)  (3765,2324)  (3718,2276)  (3718,2228)  (3909,2277)  (3909,2325)  (3861,2325)  (3717,2325)  (3812,2133)  (3860,2133)  (3908,2133)  (3910,2181)  (3910,2229)  (3716,2180)  (3716,2132)  (3764,2132)  (3813,2372)  (3765,2372) 
Sea Zone 201  (7967,1937)  (7919,1984)  (7919,1936)  (8014,1985)  (7967,1889)  (8015,1889)  (8015,1937)  (7917,1888)  (7966,2032)  (7918,2032)  (7871,1984)  (7871,1936)  (8062,1985)  (8062,2033)  (8014,2033)  (7870,2033)  (7965,1841)  (8013,1841)  (8061,1841)  (8063,1889)  (8063,1937)  (7869,1888)  (7869,1840)  (7917,1840)  (8109,1820)  (7823,1985)  (7823,1937)  (8110,1985)  (8110,2033)  (7822,2072)  (8111,1868)  (8111,1916)  (7821,1889)  (7821,1841)  (7775,2024)  (7775,1976)  (7774,2072)  (7773,1928)  (7773,1880)  (7773,1832) 
Sea Zone 202  (3161,2274)  (3113,2321)  (3113,2273)  (3208,2322)  (3161,2226)  (3209,2226)  (3209,2274)  (3160,2369)  (3112,2369)  (3244,2370)  (3222,2178)  (3270,2165)  (3318,2120) 
Nayba  (5117,220)  (5069,260)  (5069,212)  (5117,268)  (5165,208)  (5165,256)  (5021,256)  (5021,208)  (5213,235)  (5261,243) 
Ethiopia  (3171,1629)  (3123,1676)  (3123,1628)  (3218,1677)  (3171,1581)  (3219,1601)  (3121,1580)  (3266,1649) 
Sea Zone 209  (5337,2120)  (5385,2120)  (5289,2122)  (5410,2193)  (5433,2120)  (5241,2135) 
Oregon  (7727,799)  (7679,846)  (7679,798)  (7774,847)  (7727,751)  (7775,751)  (7775,799) 
Bumba  (2856,1787)  (2808,1809)  (2808,1761)  (2856,1739)  (2904,1744)  (2904,1792)  (2908,1840)  (2760,1789)  (2952,1753)  (2743,1741) 
Khabarovsk  (5176,589)  (5128,632)  (5128,584)  (5223,637)  (5176,541)  (5224,541)  (5224,589)  (5080,622)  (5272,512)  (5272,560) 
Sea Zone 210  (5623,2216)  (5575,2169)  (5670,2264)  (5622,2264)  (5623,2168)  (5671,2168)  (5671,2216)  (5541,2121)  (5718,2264)  (5718,2312)  (5670,2312)  (5589,2120)  (5637,2120)  (5685,2120)  (5719,2168)  (5719,2216)  (5733,2120)  (5752,2360)  (5704,2360) 
Tumat  (5421,279)  (5373,326)  (5373,278)  (5444,327)  (5446,231)  (5469,279)  (5371,230)  (5494,206)  (5325,345)  (5517,254)  (5517,302) 
Sea Zone 211  (5906,2242)  (5858,2289)  (5858,2241)  (5953,2290)  (5906,2194)  (5954,2194)  (5954,2242)  (5856,2193)  (5905,2337)  (5857,2337)  (5810,2289)  (5810,2241)  (6001,2290)  (6001,2338)  (5953,2338)  (5809,2338)  (5904,2146)  (5952,2146)  (6000,2146)  (6002,2194)  (6002,2242)  (5808,2193)  (5808,2145)  (5856,2145)  (6048,2120)  (6049,2290)  (6049,2338)  (6050,2222) 
Bolivia  (724,2145)  (771,2193)  (723,2193)  (686,2097)  (734,2097)  (772,2145)  (695,2049)  (820,2163) 
Sea Zone 218  (8035,2262)  (7987,2309)  (7987,2261)  (8082,2310)  (8035,2214)  (8083,2214)  (8083,2262)  (7985,2213)  (8034,2357)  (7986,2357)  (7939,2309)  (7939,2261)  (8130,2310)  (8130,2358)  (8082,2358)  (7938,2358)  (8033,2166)  (8081,2166)  (8129,2166)  (8131,2214)  (8131,2262)  (7937,2213)  (7937,2165)  (7985,2165) 
Sea Zone 219  (3075,2559)  (3027,2606)  (3027,2558)  (3122,2607)  (3075,2511)  (3123,2511)  (3123,2559)  (3025,2510)  (3074,2654)  (3026,2654)  (2979,2606)  (2979,2558)  (3170,2607)  (3170,2655)  (3122,2655)  (2978,2655)  (3073,2463)  (3121,2463)  (3169,2463)  (3171,2511)  (3171,2559) 
Yukon  (7504,335)  (7456,382)  (7456,334)  (7551,383)  (7504,287)  (7552,287)  (7552,335)  (7454,286)  (7503,430)  (7408,406)  (7408,358)  (7599,383)  (7599,431)  (7551,431)  (7527,239)  (7600,264)  (7600,312)  (7406,310)  (7406,262)  (7360,400)  (7358,352)  (7358,304)  (7333,256)  (7310,394)  (7310,346) 
Sea Zone 216  (7401,2259)  (7353,2306)  (7353,2258)  (7448,2307)  (7401,2211)  (7449,2211)  (7449,2259)  (7351,2210)  (7400,2354)  (7352,2354)  (7305,2306)  (7305,2258)  (7496,2307)  (7496,2355)  (7448,2355)  (7304,2355)  (7399,2163)  (7447,2163)  (7495,2163)  (7497,2211)  (7497,2259)  (7303,2210)  (7303,2162)  (7351,2162)  (7543,2120)  (7544,2307)  (7544,2355)  (7545,2168)  (7545,2216) 
Sea Zone 217  (7736,2257)  (7688,2304)  (7688,2256)  (7783,2305)  (7736,2209)  (7784,2209)  (7784,2257)  (7686,2208)  (7735,2352)  (7687,2352)  (7640,2304)  (7640,2256)  (7831,2305)  (7831,2353)  (7783,2353)  (7639,2353)  (7734,2161)  (7782,2161)  (7830,2161)  (7832,2209)  (7832,2257)  (7638,2208)  (7638,2160)  (7686,2160) 
Sea Zone 214  (6817,2255)  (6769,2302)  (6769,2254)  (6864,2303)  (6817,2207)  (6865,2207)  (6865,2255)  (6767,2206)  (6816,2350)  (6768,2350)  (6721,2302)  (6721,2254)  (6912,2303)  (6912,2351)  (6864,2351)  (6720,2351)  (6815,2159)  (6863,2159)  (6911,2159)  (6913,2207)  (6913,2255)  (6719,2206)  (6719,2158)  (6767,2158) 
Guadalcanal  (5922,2031) 
Sea Zone 215  (7105,2261)  (7057,2308)  (7057,2260)  (7152,2309)  (7105,2213)  (7153,2213)  (7153,2261)  (7055,2212)  (7104,2356)  (7056,2356)  (7009,2308)  (7009,2260)  (7200,2309)  (7200,2357)  (7152,2357)  (7008,2357)  (7103,2165)  (7151,2165)  (7199,2165)  (7201,2213)  (7201,2261)  (7007,2212)  (7007,2164)  (7055,2164)  (7247,2120)  (7248,2309)  (7248,2357)  (7249,2168)  (7249,2216) 
Sea Zone 212  (6195,2249)  (6147,2296)  (6147,2248)  (6242,2297)  (6195,2201)  (6243,2201)  (6243,2249)  (6145,2200)  (6194,2344)  (6146,2344)  (6290,2297)  (6290,2345)  (6242,2345)  (6193,2153)  (6241,2153)  (6289,2153)  (6291,2201)  (6291,2249)  (6116,2152)  (6337,2120)  (6338,2341)  (6339,2168)  (6339,2216)  (6339,2264) 
Tripoli  (2603,1156)  (2652,1183)  (2601,1206)  (2551,1149)  (2546,1199)  (2654,1232) 
Sea Zone 213  (6510,2252)  (6462,2299)  (6462,2251)  (6557,2300)  (6510,2204)  (6558,2204)  (6558,2252)  (6460,2203)  (6509,2347)  (6461,2347)  (6414,2299)  (6414,2251)  (6605,2300)  (6605,2348)  (6557,2348)  (6413,2348)  (6508,2156)  (6556,2156)  (6604,2156)  (6606,2204)  (6606,2252)  (6412,2203)  (6412,2155)  (6460,2155)  (6652,2121) 
Sea Zone 107  (2318,1740)  (2270,1771)  (2366,1697)  (2366,1745)  (2414,1743)  (2462,1741) 
Baluchistan  (3849,1197)  (3801,1222)  (3801,1174)  (3896,1245)  (3866,1149)  (3897,1197)  (3914,1132)  (3906,1293) 
E.Sinkiang  (4271,897)  (4311,945)  (4299,849)  (4319,897)  (4347,821)  (4367,869) 
Magadan  (5716,398)  (5668,444)  (5668,396)  (5750,446)  (5764,371)  (5798,419)  (5620,451)  (5812,371)  (5860,363) 
Chicago  (190,851)  (142,898)  (142,850)  (237,899)  (190,803)  (238,803)  (238,851)  (140,802)  (136,754) 
Niger  (2500,1415)  (2452,1462)  (2452,1414)  (2547,1463)  (2500,1367)  (2548,1367)  (2548,1415)  (2450,1366)  (2506,1319)  (2596,1342)  (2596,1390)  (2596,1438)  (2373,1502) 
Sea Zone 221  (3655,2571)  (3607,2618)  (3607,2570)  (3702,2619)  (3655,2523)  (3703,2523)  (3703,2571)  (3605,2522)  (3654,2666)  (3606,2666)  (3559,2618)  (3559,2570)  (3750,2619)  (3750,2667)  (3702,2667)  (3558,2667)  (3653,2475)  (3701,2475)  (3749,2475)  (3751,2523)  (3751,2571)  (3557,2522)  (3557,2474)  (3605,2474)  (3797,2429)  (3798,2619)  (3798,2667)  (3653,2427)  (3701,2427)  (3749,2427)  (3799,2477)  (3799,2525)  (3550,2426)  (3598,2426) 
Sea Zone 222  (3966,2564)  (3918,2611)  (3918,2563)  (4013,2612)  (3966,2516)  (4014,2516)  (4014,2564)  (3916,2515)  (3965,2659)  (3917,2659)  (3870,2611)  (3870,2563)  (4061,2612)  (4061,2660)  (4013,2660)  (3869,2660)  (3964,2468)  (4012,2468)  (4060,2468)  (4062,2516)  (4062,2564)  (3868,2515)  (3868,2467)  (3916,2467)  (3964,2420)  (4012,2420)  (4060,2420) 
Newfoundland  (957,719) 
Sea Zone 101  (1554,1511)  (1506,1558)  (1506,1510)  (1601,1559)  (1554,1463)  (1602,1463)  (1602,1511)  (1504,1462)  (1458,1571)  (1458,1523)  (1649,1559)  (1650,1457)  (1650,1505)  (1456,1475) 
Sea Zone 100  (1288,1514)  (1240,1561)  (1240,1513)  (1335,1562)  (1288,1466)  (1336,1466)  (1336,1514)  (1238,1465)  (1192,1571)  (1192,1523)  (1383,1562)  (1384,1457)  (1384,1505)  (1190,1475) 
Burma  (4462,1327)  (4502,1375)  (4454,1375)  (4474,1279)  (4510,1327) 
Sea Zone 220  (3368,2525)  (3320,2572)  (3320,2524)  (3415,2573)  (3368,2477)  (3416,2477)  (3416,2525)  (3318,2476)  (3367,2620)  (3319,2620)  (3272,2572)  (3272,2524)  (3463,2573)  (3463,2621)  (3415,2621)  (3271,2621)  (3366,2429)  (3414,2429)  (3462,2429)  (3464,2477)  (3464,2525)  (3270,2476)  (3270,2428)  (3318,2428)  (3367,2668)  (3319,2668)  (3502,2669)  (3454,2669)  (3271,2669)  
Sea Zone 229  (6391,2544)  (6343,2591)  (6343,2543)  (6438,2592)  (6391,2496)  (6439,2496)  (6439,2544)  (6341,2495)  (6390,2639)  (6342,2639)  (6295,2591)  (6295,2543)  (6486,2592)  (6486,2640)  (6438,2640)  (6294,2640)  (6389,2448)  (6437,2448)  (6485,2448)  (6487,2496)  (6487,2544)  (6293,2495)  (6293,2447)  (6341,2447) 
Sea Zone 106  (2015,1741)  (1967,1771)  (1967,1723)  (2015,1693)  (2063,1724)  (1950,1675)  (2111,1740)  (1950,1627)  (2159,1736) 
Sea Zone 109  (1624,1898)  (1576,1945)  (1576,1897)  (1671,1946)  (1624,1850)  (1672,1850)  (1672,1898)  (1574,1849)  (1528,1971)  (1528,1923)  (1719,1946)  (1720,1819)  (1720,1867)  (1526,1875)  (1526,1827) 
Sea Zone 227  (5771,2585)  (5723,2632)  (5818,2633)  (5754,2537)  (5802,2537)  (5819,2585)  (5850,2506)  (5866,2633)  (5760,2489)  (5867,2554)  (5808,2458)  (5856,2458)  (5898,2506)  (5752,2441) 
Sea Zone 108  (1378,1878)  (1330,1860)  (1425,1926)  (1378,1830)  (1426,1830)  (1426,1878)  (1282,1841)  (1234,1833) 
Sea Zone 228  (6020,2529)  (5972,2576)  (5972,2528)  (6067,2577)  (6020,2481)  (6068,2481)  (6068,2529)  (5970,2480)  (6019,2624)  (5971,2624)  (6115,2577)  (6115,2625)  (6067,2625)  (6065,2433)  (6113,2433)  (6116,2481)  (6116,2529)  (5950,2432)  (6161,2420)  (6019,2672)  (5971,2672)  (6163,2577)  (6164,2468)  (6164,2516) 
Sea Zone 103  (1139,1696)  (1091,1743)  (1091,1695)  (1186,1744)  (1139,1648)  (1187,1648)  (1187,1696)  (1089,1647)  (1234,1744)  (1235,1619)  (1235,1667)  (1041,1679)  (1041,1631)  (1282,1715)  (1282,1763)  (1283,1619)  (1283,1667)  (993,1661)  (945,1657) 
Sea Zone 225  (4841,2564)  (4793,2611)  (4793,2563)  (4888,2612)  (4841,2516)  (4889,2516)  (4889,2564)  (4791,2515)  (4840,2659)  (4792,2659)  (4936,2634)  (4888,2660)  (4839,2468)  (4887,2468)  (4750,2467)  (4984,2646)  (4798,2420)  (4846,2420)  (4894,2420) 
Sverdlovsk  (3612,507)  (3564,554)  (3627,555)  (3579,459)  (3627,459)  (3660,507)  (3675,444)  (3579,602)  (3708,492) 
Sea Zone 102  (1816,1519)  (1768,1566)  (1768,1518)  (1863,1567)  (1816,1471)  (1864,1471)  (1864,1519)  (1766,1470)  (1720,1571)  (1720,1523)  (1911,1567)  (1718,1475) 
Sea Zone 226  (5204,2623)  (5156,2670)  (5156,2622)  (5251,2671)  (5252,2579)  (5108,2672)  (5299,2627)  (5068,2624)  (5060,2672)  (5347,2642)  (5395,2658) 
Amur  (4927,495)  (4879,521)  (4879,473)  (4927,447)  (4975,454)  (4975,502)  (4997,550)  (4831,493)  (5023,458)  (5045,506)  (5045,554) 
Sea Zone 105  (1756,1695)  (1708,1742)  (1708,1694)  (1803,1743)  (1756,1647)  (1804,1647)  (1804,1695)  (1706,1646)  (1660,1771)  (1660,1723)  (1851,1743)  (1852,1619)  (1852,1667)  (1658,1675)  (1658,1627)  (1899,1715)  (1899,1763)  (1900,1619)  (1900,1667) 
Sea Zone 223  (4271,2557)  (4223,2604)  (4223,2556)  (4318,2605)  (4271,2509)  (4319,2509)  (4319,2557)  (4221,2508)  (4270,2652)  (4222,2652)  (4175,2604)  (4175,2556)  (4366,2605)  (4366,2653)  (4318,2653)  (4174,2653)  (4269,2461)  (4317,2461)  (4365,2461)  (4367,2509)  (4367,2557)  (4173,2508)  (4173,2460)  (4221,2460) 
Sea Zone 104  (1451,1695)  (1403,1742)  (1403,1694)  (1498,1743)  (1451,1647)  (1499,1647)  (1499,1695)  (1401,1646)  (1355,1771)  (1355,1723)  (1546,1743)  (1547,1619)  (1547,1667)  (1353,1675)  (1353,1627)  (1594,1715)  (1594,1763)  (1595,1619)  (1595,1667) 
Sea Zone 224  (4566,2545)  (4518,2592)  (4518,2544)  (4613,2593)  (4566,2497)  (4614,2497)  (4614,2545)  (4516,2496)  (4565,2640)  (4517,2640)  (4470,2592)  (4470,2544)  (4661,2593)  (4661,2641)  (4613,2641)  (4469,2641)  (4564,2449)  (4612,2449)  (4660,2449)  (4662,2497)  (4662,2545)  (4468,2496)  (4468,2448)  (4516,2448) 